comparisons = ['train_1', 'train_3', 'train_5', 'train_10', 'train_15', 'train_20', 'train_30', 'train_50', 'train_100']
rlhf_probs = [0.8217567801475525, 0.6310796737670898, 0.4712492525577545, 0.9938931465148926, 0.9693556427955627, 0.9999426603317261, 0.9999953508377075, 0.9999912977218628, 0.9999858140945435]
rlhf_correct = [0.62, 0.6, 0.52, 0.72, 0.78, 0.76, 0.86, 0.9, 0.96]
featureprefs_probs = [0.8692550659179688, 0.2862873077392578, 0.9999525547027588, 1.0, 1.0, 1.0, 1.0, 1.0, 1.0]
featureprefs_correct = [0.6, 0.48, 0.74, 0.78, 0.86, 0.88, 0.88, 0.9, 0.98]
featureprefshuman_probs = [0.9498839974403381, 0.045875173062086105, 0.9999909400939941, 1.0, 1.0, 1.0, 1.0, 1.0, 1.0]
featureprefshuman_correct = [0.64, 0.46, 0.8, 0.78, 0.84, 0.9, 0.88, 0.92, 0.98]
rlhfhuman_probs = [0.6712042093276978, 0.3834761381149292, 0.8040676712989807, 0.9943494200706482, 0.9794813990592957, 0.9999690055847168, 0.9999990463256836, 0.9999774694442749, 0.99998939037323]
rlhfhuman_correct = [0.7, 0.48, 0.6, 0.72, 0.78, 0.72, 0.88, 0.9, 0.96]
