comparisons = ['train_1', 'train_3', 'train_5', 'train_10']
rlhf_probs = [0.3408507153391838, 0.4942858636379242, 0.7196645855903625, 0.9093398094177246]
rlhf_correct = [0.66, 0.76, 0.52, 0.84]
featureprefshuman_probs = [0.7407965719699859, 0.024368588253855704, 1.0, 1.0]
featureprefshuman_correct = [0.6, 0.66, 0.52, 0.46]
featureprefsgt_probs = [6.855425272078719e-05, 1.3605783699688345e-08, 0.9999998807907104, 1.0]
featureprefsgt_correct = [0.4, 0.72, 0.56, 0.7]
