comparisons = ['train_1', 'train_3', 'train_5', 'train_10']
rlhf_probs = [0.7098497927188874, 0.7493483543395996, 0.3801260381937027, 0.37419488579034804]
rlhf_correct = [0.64, 0.64, 0.64, 0.52]
featureprefshuman_probs = [0.9999996423721313, 1.0, 0.9999849200248718, 2.5975208789441595e-10]
featureprefshuman_correct = [0.7, 0.64, 0.6, 0.7]
