comparisons = ['train_1', 'train_3', 'train_5', 'train_10', 'train_15', 'train_20', 'train_30', 'train_50', 'train_100']
rlhf_probs = [0.32566672563552856, 0.7578989267349243, 0.9338491559028625, 0.7420395016670227, 0.9814403057098389, 0.9999449253082275, 0.9999995231628418, 0.9998518228530884, 0.9998973608016968]
rlhf_correct = [0.52, 0.78, 0.66, 0.56, 0.7, 0.84, 0.86, 0.96, 0.96]
featureprefs_probs = [0.5392293930053711, 0.7116308808326721, 0.9999809265136719, 0.9999998807907104, 1.0, 1.0, 1.0, 1.0, 1.0]
featureprefs_correct = [0.5, 0.52, 0.66, 0.68, 0.88, 0.86, 0.78, 0.92, 0.9]
featureprefshuman_probs = [0.6627397537231445, 0.710310161113739, 0.9999942779541016, 0.9999814033508301, 0.9999998807907104, 1.0, 1.0, 1.0, 1.0]
featureprefshuman_correct = [0.56, 0.56, 0.7, 0.58, 0.82, 0.84, 0.78, 0.92, 0.98]
rlhfhuman_probs = [0.43081900477409363, 0.7058960795402527, 0.9617484211921692, 0.7592353820800781, 0.9605075716972351, 0.9999330043792725, 0.9999996423721313, 0.9999033212661743, 0.9999762773513794]
rlhfhuman_correct = [0.6, 0.72, 0.62, 0.54, 0.66, 0.84, 0.82, 0.96, 0.94]
