comparisons = ['train_1', 'train_3', 'train_5', 'train_10']
rlhf_probs = [0.6521920728683471, 0.5664503329992294, 0.5486169624328613, 0.9706503367424011]
rlhf_correct = [0.56, 0.62, 0.8, 0.74]
featureprefs_probs = [0.1232307161448989, 0.799878615140915, 0.46860082799044905, 0.9999997019767761]
featureprefs_correct = [0.48, 0.6, 0.74, 0.68]
featureprefshuman_probs = [0.9978093957901001, 1.7190070127439707e-13, 1.0, 1.0]
featureprefshuman_correct = [0.6, 0.5, 0.8, 0.7]
