comparisons = ['train_1', 'train_3', 'train_5', 'train_10']
rlhf_probs = [0.5791610479354858, 0.8634784817695618, 0.9422131180763245, 0.7961433529853821]
rlhf_correct = [0.48, 0.68, 0.66, 0.6]
featureprefshuman_probs = [0.6566629409790039, 0.9980891346931458, 0.9993057250976562, 0.9997461438179016]
featureprefshuman_correct = [0.46, 0.6, 0.6, 0.58]
