comparisons = ['train_1', 'train_3', 'train_5', 'train_10']
rlhf_probs = [0.6374556982517242, 0.8878611874580383, 0.9713020169734955, 0.9553494071960449]
featureprefs_probs = [0.535431118234992, 0.9999900341033936, 0.999586308002472, 0.971970887184143]
featureprefshuman_probs = [0.9999999213218689, 1.0, 1.0, 1.0]
