comparisons = ['train_1', 'train_3', 'train_5', 'train_10', 'train_15', 'train_20', 'train_30', 'train_50', 'train_100']
rlhf_probs = [0.45422081980440354, 0.9428816239039103, 0.6096099504718074, 0.8683638495427591, 0.8798411367116151, 0.9690942388993723, 0.9520541418481756, 0.9887058955651743, 0.9968920548756918]
rlhf_correct = [0.52, 0.7, 0.58, 0.66, 0.72, 0.76, 0.78, 0.84, 0.96]
featureprefs_probs = [0.6877659346770357, 0.9993956133171364, 0.9715359188892223, 0.999959773487515, 0.9995932645267911, 1.0, 1.0, 1.0, 1.0]
featureprefs_correct = [0.64, 0.9, 0.64, 0.76, 0.88, 0.9, 0.82, 0.82, 0.92]
featureprefshuman_probs = [0.7135159450548666, 1.0, 1.0, 1.0, 1.0, 1.0, 1.0, 1.0, 1.0]
featureprefshuman_correct = [0.44, 0.8, 0.82, 0.7, 0.82, 0.82, 0.82, 0.84, 0.84]
rlhfhuman_probs = [0.7585191260333415, 0.9996985285370438, 0.8749338355329301, 0.9999910725487603, 1.0, 1.0, 1.0, 1.0, 1.0]
rlhfhuman_correct = [0.56, 0.86, 0.64, 0.78, 0.88, 0.86, 0.82, 0.86, 0.96]
