comparisons = ['train_1', 'train_3', 'train_5', 'train_10', 'train_15', 'train_20', 'train_30', 'train_50', 'train_100']
rlhf_probs = [0.7257575867352662, 0.8530882133377923, 0.9195617900954353, 0.826684323725877, 0.8771960779472634, 0.9503005853405705, 0.9959659112824334, 0.9977419751661795, 0.9980543542791296]
rlhf_correct = [0.64, 0.66, 0.66, 0.68, 0.62, 0.76, 0.62, 0.82, 0.9]
featureprefs_probs = [0.898757959957476, 0.9965306012718765, 0.9907530457885177, 0.9999664779062625, 0.9999944987120452, 1.0, 1.0, 1.0, 1.0]
featureprefs_correct = [0.56, 0.84, 0.84, 0.66, 0.82, 0.86, 0.84, 0.84, 0.84]
featureprefshuman_probs = [0.9999348013489334, 1.0, 0.99999909930759, 1.0, 1.0, 1.0, 1.0, 1.0, 1.0]
featureprefshuman_correct = [0.68, 0.82, 0.78, 0.7, 0.8, 0.84, 0.78, 0.78, 0.82]
