comparisons = ['train_1', 'train_3', 'train_5', 'train_10', 'train_15', 'train_20', 'train_30', 'train_50', 'train_100']
rlhf_probs = [0.5521476770992633, 0.800228934597086, 0.7804362028837204, 0.8189025819301605, 0.9621046560781973, 0.977979474597507, 0.9993826504106875, 0.9971900913450453, 0.9979093803299798]
rlhf_correct = [0.58, 0.46, 0.54, 0.58, 0.6, 0.88, 0.78, 0.86, 0.92]
featureprefs_probs = [0.4087692897904802, 0.6994390503020474, 0.9806292829690156, 0.9997562810226723, 0.9999962780210707, 1.0, 1.0, 1.0, 1.0]
featureprefs_correct = [0.54, 0.54, 0.7, 0.64, 0.74, 0.72, 0.78, 0.88, 0.92]
featureprefshuman_probs = [0.46923246538197555, 0.9999990463256836, 0.9999980352543019, 1.0, 1.0, 1.0, 1.0, 1.0, 1.0]
featureprefshuman_correct = [0.46, 0.62, 0.72, 0.74, 0.66, 0.76, 0.86, 0.86, 0.88]
rlhfhuman_probs = [0.4524761059631904, 0.7736022372350648, 0.9722490950866982, 0.9989606738090515, 0.999999858714916, 0.9999999205271403, 1.0, 1.0, 1.0]
rlhfhuman_correct = [0.48, 0.5, 0.64, 0.7, 0.68, 0.92, 0.86, 0.9, 0.9]
