comparisons = ['train_1', 'train_3', 'train_5', 'train_10', 'train_15', 'train_20', 'train_30', 'train_50', 'train_100']
rlhf_probs = [0.6069787740707397, 0.7055913805961609, 0.9540518522262573, 0.9890945553779602, 0.8713549971580505, 0.999489426612854, 0.9999992847442627, 0.9999884366989136, 0.9999732971191406]
rlhf_correct = [0.6, 0.7, 0.68, 0.76, 0.68, 0.84, 0.88, 0.96, 0.9]
featureprefs_probs = [0.8739412426948547, 0.9999880790710449, 0.9999420642852783, 1.0, 0.9999988079071045, 1.0, 1.0, 1.0, 1.0]
featureprefs_correct = [0.64, 0.72, 0.72, 0.84, 0.72, 0.84, 0.9, 0.86, 0.86]
