comparisons = ['train_1', 'train_3', 'train_5', 'train_10', 'train_15', 'train_20', 'train_30', 'train_50', 'train_100']
rlhf_probs = [0.7391536235809326, 0.8090901374816895, 0.6864719986915588, 0.9906987547874451, 0.9920958876609802, 0.9999037981033325, 0.9999991655349731, 0.9999903440475464, 0.9999364614486694]
rlhf_correct = [0.56, 0.66, 0.54, 0.88, 0.8, 0.84, 0.84, 1.0, 0.96]
featureprefs_probs = [0.646860659122467, 0.9999475479125977, 0.9978460073471069, 0.9999669790267944, 1.0, 1.0, 1.0, 1.0, 1.0]
featureprefs_correct = [0.64, 0.78, 0.62, 0.82, 0.96, 0.8, 0.9, 0.96, 0.94]
featureprefshuman_probs = [0.8582230806350708, 0.9760962128639221, 0.9949110150337219, 0.9999984502792358, 1.0, 1.0, 1.0, 1.0, 1.0]
featureprefshuman_correct = [0.62, 0.7, 0.54, 0.8, 0.92, 0.86, 0.9, 0.96, 0.9]
