comparisons = ['train_1', 'train_20', 'train_3', 'train_30', 'train_50', 'train_5', 'train_100', 'train_10', 'train_15', 'train_20', 'train_30', 'train_50', 'train_100']
rlhf_probs = [0.7890889644622803, 0.9999978542327881, 0.854552149772644, 0.999991774559021, 0.7077735662460327, 0.9920898675918579, 0.9999881982803345, 0.993493378162384, 0.9939393997192383, 0.9999978542327881, 0.999991774559021, 0.9999881982803345]
rlhf_correct = [0.64, 0.86, 0.46, 0.96, 0.52, 0.74, 0.98, 0.8, 0.72, 0.86, 0.96, 0.98]
featureprefs_probs = [0.7862023711204529, 1.0, 1.0, 0.999417781829834, 1.0, 0.8796422481536865, 0.9999998807907104, 1.0, 0.9999991655349731, 1.0, 1.0, 1.0, 1.0]
featureprefs_correct = [0.66, 0.82, 0.96, 0.6, 0.96, 0.54, 0.84, 0.94, 0.76, 0.82, 0.96, 0.96, 0.94]
featureprefshuman_probs = [0.5986344218254089, 1.0, 0.9893041849136353, 1.0, 1.0, 0.8416779041290283, 1.0, 0.9999996423721313, 0.9999327659606934, 1.0, 1.0, 1.0, 1.0]
featureprefshuman_correct = [0.66, 0.82, 0.64, 0.92, 0.92, 0.56, 0.94, 0.82, 0.72, 0.82, 0.92, 0.92, 0.94]
