comparisons = ['train_1', 'train_3', 'train_5', 'train_10', 'train_15', 'train_20', 'train_30', 'train_50', 'train_100']
probs = [0.6167713403701782, 0.6982281804084778, 0.9992807507514954, 0.9838078618049622, 0.9905545115470886, 0.9999544620513916, 0.9999978542327881, 0.9999877214431763, 0.9999690055847168]
correct = [0.56, 0.58, 0.74, 0.72, 0.78, 0.8, 0.9, 0.84, 0.92]
probs = [0.6151097416877747, 0.9988330006599426, 1.0, 0.9999768733978271, 0.9999877214431763, 1.0, 1.0, 1.0, 1.0]
correct = [0.56, 0.72, 0.86, 0.7, 0.78, 0.94, 0.92, 0.88, 0.96]
