comparisons = ['train_1', 'train_3', 'train_5', 'train_10', 'train_15', 'train_20', 'train_30', 'train_50', 'train_100']
probs = [0.5832117795944214, 0.718519389629364, 0.9820263981819153, 0.9903358221054077, 0.8568232655525208, 0.9997407793998718, 0.9999980926513672, 0.9999637603759766, 0.999955415725708]
correct = [0.6, 0.72, 0.56, 0.76, 0.64, 0.84, 0.9, 0.94, 0.9]
probs = [0.9462462067604065, 0.9992799162864685, 0.9999697208404541, 1.0, 0.999998927116394, 1.0, 1.0, 1.0, 1.0]
correct = [0.72, 0.68, 0.7, 0.8, 0.76, 0.86, 0.9, 0.88, 0.88]
