comparisons = ['train_1', 'train_3', 'train_5', 'train_10', 'train_15', 'train_20', 'train_30', 'train_50', 'train_100']
rlhf_probs = [0.398307740688324, 0.8701042532920837, 0.1947435885667801, 0.8745648860931396, 0.998506486415863, 0.9995089769363403, 1.0, 0.999992847442627, 0.9999794960021973]
rlhf_correct = [0.56, 0.58, 0.72, 0.78, 0.86, 0.86, 0.98, 0.92, 0.94]
featureprefs_probs = [0.12420658767223358, 0.9993919134140015, 1.0, 0.9999998807907104, 1.0, 1.0, 1.0, 1.0, 1.0]
featureprefs_correct = [0.56, 0.66, 0.94, 0.86, 0.88, 0.9, 0.94, 0.92, 0.88]
featureprefshuman_probs = [0.43399059772491455, 0.9993135929107666, 1.0, 0.9999947547912598, 1.0, 1.0, 1.0, 1.0, 1.0]
featureprefshuman_correct = [0.6, 0.64, 0.82, 0.82, 0.98, 0.88, 0.94, 0.88, 0.92]
