comparisons = ['train_1', 'train_5', 'train_3', 'train_10', 'train_15', 'train_5', 'train_10', 'train_20', 'train_30', 'train_15', 'train_20', 'train_50', 'train_30', 'train_100', 'train_50', 'train_100']
rlhf_probs = [0.5362216035525004, 0.9344735344250997, 0.6984000205993652, 0.9942911465962728, 0.8444153070449829, 0.9396955768267313, 0.992755115032196, 0.9988669554392496, 0.9954133828481039, 0.9979771574338278, 0.9999380111694336, 0.9999593496322632, 0.9999895095825195, 0.9999380111694336, 0.999959667523702]
rlhf_correct = [0.6200000000000001, 0.6866666666666666, 0.62, 0.82, 0.6866666666666666, 0.7533333333333333, 0.7600000000000001, 0.8266666666666667, 0.8666666666666667, 0.8266666666666667, 0.8933333333333332, 0.9066666666666666, 0.9066666666666667, 0.8933333333333332, 0.94]
featureprefs_probs = [0.16690347343683243, 0.9999927282333374, 0.9999700784683228, 0.9970867037773132, 0.9761127034823099, 1.0, 0.9999989668528239, 1.0, 1.0, 1.0, 1.0, 1.0, 1.0, 1.0, 1.0]
featureprefs_correct = [0.5800000000000001, 0.8066666666666666, 0.7266666666666666, 0.7866666666666666, 0.6933333333333334, 0.82, 0.7666666666666666, 0.9066666666666666, 0.94, 0.8533333333333334, 0.8999999999999999, 0.9066666666666667, 0.9133333333333334, 0.9266666666666666, 0.9266666666666667]
featureprefshuman_probs = [0.48746374249458313, 0.9876907070477804, 0.9987689256668091, 0.9999327858289083, 0.9945131142934164, 0.993177592754364, 0.9999994039535522, 1.0, 1.0, 1.0, 1.0, 1.0, 1.0, 1.0, 1.0, 1.0]
featureprefshuman_correct = [0.6533333333333333, 0.6933333333333334, 0.7000000000000001, 0.7333333333333334, 0.8733333333333334, 0.7466666666666667, 0.82, 0.8799999999999999, 0.9133333333333332, 0.9199999999999999, 0.8666666666666667, 0.9266666666666666, 0.9066666666666666, 0.92, 0.9133333333333334, 0.92]
