comparisons = ['train_1', 'train_3', 'train_5', 'train_10', 'train_15', 'train_20', 'train_30', 'train_50', 'train_100']
rlhf_probs = [0.4986557960510254, 0.7612026731173197, 0.832257091999054, 0.9276577234268188, 0.9959585070610046, 0.9968153635660807, 0.9999885956446329, 0.999771257241567, 0.9999447663625082]
rlhf_correct = [0.5733333333333334, 0.62, 0.66, 0.6533333333333333, 0.84, 0.82, 0.8733333333333334, 0.9066666666666666, 0.94]
featureprefs_probs = [0.5229147473971049, 0.5302107830842336, 0.4263664682706197, 0.6680038173993429, 0.7177051405111948, 0.1375083882982532, 0.33054086021729745, 0.6013675692180792, 0.3626313529287775]
featureprefs_correct = [0.48666666666666664, 0.52, 0.5066666666666667, 0.64, 0.54, 0.41333333333333333, 0.36000000000000004, 0.6066666666666666, 0.46]
featureprefshuman_probs = [0.37751731276512146, 0.4763711839914322, 0.17583414042989412, 0.5980848769346873, 0.41294197489817935, 0.15177832605938116, 0.2350678190899392, 0.5901530049741268, 0.37529043356577557]
featureprefshuman_correct = [0.4066666666666667, 0.52, 0.3, 0.6, 0.48666666666666664, 0.36000000000000004, 0.3333333333333333, 0.5866666666666667, 0.58]
