comparisons = ['train_1', 'train_3', 'train_5', 'train_10', 'train_15', 'train_20', 'train_30', 'train_50', 'train_100']
rlhf_probs = [0.5362216432889303, 0.6984000205993652, 0.8444153070449829, 0.9344735344250997, 0.9942911465962728, 0.9979771574338278, 0.9999891916910807, 0.9999380111694336, 0.999959667523702]
rlhf_correct = [0.6200000000000001, 0.62, 0.6866666666666666, 0.6866666666666666, 0.82, 0.8266666666666667, 0.8733333333333334, 0.8933333333333332, 0.94]
featureprefs_probs = [0.16690346350272497, 0.9970508217811584, 0.9761127034823099, 0.9999989668528239, 1.0, 1.0, 1.0, 1.0, 1.0]
featureprefs_correct = [0.5800000000000001, 0.6666666666666666, 0.6933333333333334, 0.7666666666666666, 0.8866666666666667, 0.8799999999999999, 0.8999999999999999, 0.9199999999999999, 0.9266666666666667]
featureprefshuman_probs = [0.4874637375275294, 0.9987023075421652, 0.9876907070477804, 0.9999994039535522, 1.0, 1.0, 1.0, 1.0, 1.0]
featureprefshuman_correct = [0.6533333333333333, 0.6133333333333334, 0.6933333333333334, 0.82, 0.9266666666666667, 0.8799999999999999, 0.9066666666666666, 0.9133333333333334, 0.92]
