comparisons = ['train_1', 'train_3', 'train_5', 'train_10', 'train_15', 'train_20', 'train_30', 'train_50', 'train_100']
rlhf_probs = [0.6448045869668325, 0.8226765791575114, 0.9773255785306295, 0.7229535182317098, 0.9889800945917765, 0.9989161094029745, 0.9999834696451823, 0.9999262889226278, 0.9999895890553793]
rlhf_correct = [0.54, 0.7333333333333334, 0.6666666666666666, 0.7333333333333333, 0.7533333333333333, 0.7200000000000001, 0.7866666666666667, 0.8933333333333332, 0.8933333333333334]
featureprefs_probs = [0.7570778330167135, 0.9536742766698202, 0.9993843038876852, 0.9991899132728577, 1.0, 1.0, 1.0, 1.0, 1.0]
featureprefs_correct = [0.5933333333333334, 0.6133333333333334, 0.6733333333333332, 0.6533333333333334, 0.84, 0.7999999999999999, 0.7933333333333333, 0.8666666666666667, 0.8666666666666667]
featureprefshuman_probs = [0.7251430849234263, 0.9141388336817423, 0.9999854564666748, 0.9995516339937845, 0.9999999602635702, 1.0, 1.0, 1.0, 1.0]
featureprefshuman_correct = [0.5533333333333333, 0.6466666666666666, 0.6933333333333334, 0.6533333333333334, 0.84, 0.7999999999999999, 0.8000000000000002, 0.86, 0.8666666666666667]
