comparisons = ['train_1', 'train_3', 'train_5', 'train_10', 'train_15', 'train_20', 'train_30', 'train_50', 'train_100']
rlhf_probs = [0.6469952762126923, 0.7921746770540873, 0.9117217262585958, 0.9895338217417399, 0.8238614598910013, 0.9988459746042887, 0.9999337593714396, 0.9999642372131348, 0.9999828735987345]
rlhf_correct = [0.6999999999999998, 0.64, 0.6666666666666666, 0.7533333333333333, 0.7600000000000001, 0.8799999999999999, 0.7133333333333334, 0.9533333333333333, 0.98]
featureprefs_probs = [0.6689961055914561, 0.9844106833140055, 0.999351700146993, 1.0, 0.999999483426412, 1.0, 1.0, 1.0, 1.0]
featureprefs_correct = [0.6733333333333333, 0.5666666666666667, 0.7266666666666666, 0.86, 0.8066666666666666, 0.84, 0.8066666666666666, 0.8666666666666667, 0.8466666666666667]
featureprefshuman_probs = [0.7823483546574911, 0.9870425860087076, 0.9997900525728861, 1.0, 0.9997266332308451, 1.0, 1.0, 1.0, 1.0]
featureprefshuman_correct = [0.6466666666666667, 0.5866666666666667, 0.7200000000000001, 0.8533333333333334, 0.82, 0.84, 0.8266666666666667, 0.86, 0.8466666666666667]
