comparisons = ['train_1', 'train_3', 'train_5', 'train_10', 'train_15', 'train_20', 'train_30', 'train_50', 'train_100']
probs = [0.3490463975403044, 0.8959158062934875, 0.8161453991024582, 0.8859212729665968, 0.9295880286781876, 0.9698291156027052, 0.9999361943315577, 0.9947577295479951, 0.9983025877564041]
correct = [0.46, 0.76, 0.7, 0.7, 0.9, 0.86, 0.92, 0.92, 0.98]
probs = [0.3278298322801237, 0.8205331061725263, 0.986695960715965, 0.9975487324926589, 0.9989712017553823, 1.0, 1.0, 1.0, 1.0]
correct = [0.52, 0.68, 0.72, 0.7, 0.88, 0.96, 0.92, 0.92, 0.94]
