comparisons = ['train_1', 'train_3', 'train_5', 'train_10', 'train_15', 'train_20', 'train_30', 'train_50', 'train_100']
rlhf_probs = [0.6119183368153043, 0.8170375658406152, 0.7990620732307434, 0.9128842530427156, 0.9523896707428826, 0.9863041992540713, 0.9996823293191416, 0.9986784943827877, 0.9976393712891473]
rlhf_correct = [0.58, 0.68, 0.64, 0.84, 0.76, 0.82, 0.86, 0.86, 0.92]
featureprefs_probs = [0.7974051270220015, 0.9387089543872409, 0.8900537468768932, 0.9999802200882523, 1.0, 1.0, 1.0, 1.0, 1.0]
featureprefs_correct = [0.52, 0.76, 0.68, 0.92, 0.88, 0.88, 0.9, 0.94, 0.92]
featureprefshuman_probs = [0.9748879494490447, 1.0, 1.0, 1.0, 1.0, 1.0, 1.0, 1.0, 1.0]
featureprefshuman_correct = [0.54, 0.86, 0.86, 0.88, 0.78, 0.9, 0.82, 0.76, 0.92]
