comparisons = ['train_1', 'train_3', 'train_5', 'train_10', 'train_15', 'train_20', 'train_30', 'train_50', 'train_100']
rlhf_probs = [0.5959166172477934, 0.7210805896255705, 0.7912180931479843, 0.9117511290091055, 0.9085472910492508, 0.9958900897591202, 0.9996670970210323, 0.9960033474145112, 0.9978654406688832]
rlhf_correct = [0.66, 0.58, 0.68, 0.64, 0.68, 0.88, 0.84, 0.82, 0.9]
featureprefs_probs = [0.6458898012836775, 0.9636493568067197, 0.7872156589852508, 0.9999845072075173, 0.9999962824362295, 1.0, 1.0, 1.0, 1.0]
featureprefs_correct = [0.64, 0.54, 0.6, 0.82, 0.76, 0.92, 0.9, 0.86, 0.98]
featureprefshuman_probs = [0.8687235006579647, 0.7480525727625247, 0.49739140453877756, 0.998333231166557, 0.9999799618014583, 1.0, 1.0, 1.0, 1.0]
featureprefshuman_correct = [0.72, 0.52, 0.62, 0.72, 0.8, 0.72, 0.84, 0.8, 0.92]
