comparisons = ['train_1', 'train_3', 'train_5', 'train_10', 'train_15', 'train_20', 'train_30', 'train_50', 'train_100']
rlhf_probs = [0.48822353614701164, 0.8244026700655619, 0.936123545523043, 0.9385146123391611, 0.9691671309647737, 0.9860667409720244, 0.9988508754306369, 0.9975608211976511, 0.9978981923173975]
rlhf_correct = [0.48, 0.54, 0.84, 0.8, 0.7, 0.78, 0.86, 0.88, 0.92]
featureprefs_probs = [0.2538992713412477, 0.3705738896799597, 0.9995826549000211, 0.999996300096865, 0.9999949976249978, 1.0, 1.0, 1.0, 1.0]
featureprefs_correct = [0.5, 0.58, 0.88, 0.78, 0.9, 0.92, 0.88, 0.92, 0.9]
featureprefshuman_probs = [0.4818727931490651, 0.7923338370466674, 0.9998175038231744, 0.9994599134833725, 0.9999211938292892, 0.9999986357159085, 0.9999999867545234, 1.0, 1.0]
featureprefshuman_correct = [0.36, 0.66, 0.86, 0.84, 0.74, 0.8, 0.88, 0.94, 0.94]
