comparisons = ['train_1', 'train_3', 'train_5', 'train_10', 'train_15', 'train_20', 'train_30', 'train_50', 'train_100']
rlhf_probs = [0.4223210011367445, 0.8822189746079622, 0.7635506248032605, 0.766149432570846, 0.9521836152783146, 0.9725843182316533, 0.999832566137667, 0.9979947805404663, 0.9984044278109515]
rlhf_correct = [0.54, 0.6, 0.66, 0.62, 0.82, 0.56, 0.78, 0.9, 0.9]
featureprefs_probs = [0.5324342924135702, 0.9010147375089151, 0.9922577981595639, 0.9999959645447908, 0.9999344834574947, 1.0, 1.0, 1.0, 1.0]
featureprefs_correct = [0.44, 0.54, 0.64, 0.86, 0.94, 0.86, 0.84, 0.88, 0.9]
