comparisons = ['train_1', 'train_3', 'train_5', 'train_10', 'train_15', 'train_20', 'train_30', 'train_50', 'train_100']
probs = [0.3426914938070156, 0.876891244340826, 0.6935038803904144, 0.7431409408648809, 0.8688294534330014, 0.9849509861734178, 0.9997332603843124, 0.994090426851202, 0.9985908556867529]
correct = [0.54, 0.6, 0.6, 0.62, 0.82, 0.6, 0.8, 0.9, 0.9]
probs = [0.4627294446583147, 0.7755491145093132, 0.9993363420168558, 0.9999966047428273, 0.9999958497506601, 1.0, 1.0, 1.0, 1.0]
correct = [0.52, 0.48, 0.68, 0.86, 0.82, 0.84, 0.82, 0.88, 0.9]
