comparisons = ['train_1', 'train_3', 'train_5', 'train_10', 'train_15', 'train_20', 'train_30', 'train_50', 'train_100']
rlhf_probs = [0.5426323437764321, 0.7348183279420123, 0.6542155441862566, 0.8735612158054188, 0.9277179590713831, 0.9843289498929625, 0.9729243704566249, 0.9942894607414434, 0.9976935371940518]
rlhf_correct = [0.5, 0.6466666666666667, 0.5800000000000001, 0.7000000000000001, 0.7799999999999999, 0.7933333333333333, 0.82, 0.82, 0.9133333333333334]
featureprefs_probs = [0.6082292406095399, 0.7241468329218298, 0.8276698258251138, 0.9999788852385533, 0.9998612455379816, 0.9999999941131215, 1.0, 1.0, 1.0]
featureprefs_correct = [0.5533333333333333, 0.7533333333333333, 0.6866666666666666, 0.8666666666666666, 0.8666666666666667, 0.8733333333333334, 0.8333333333333334, 0.8466666666666667, 0.9266666666666666]
featureprefshuman_probs = [0.5664561839751255, 0.6957957427258844, 1.0, 1.0, 1.0, 1.0, 1.0, 1.0, 1.0]
featureprefshuman_correct = [0.48666666666666664, 0.7533333333333333, 0.82, 0.7799999999999999, 0.82, 0.7866666666666666, 0.8333333333333334, 0.8466666666666667, 0.8466666666666667]
