comparisons = ['train_1', 'train_3', 'train_5', 'train_10', 'train_15', 'train_20', 'train_30', 'train_50', 'train_100']
rlhf_probs = [0.6023943873099339, 0.6774852070267553, 0.8828195499049293, 0.9056662442507567, 0.8991464306542903, 0.9790068599912854, 0.9976838871284768, 0.996343093889731, 0.9982443378295427]
rlhf_correct = [0.48666666666666664, 0.6066666666666668, 0.6733333333333333, 0.7333333333333334, 0.6333333333333333, 0.7533333333333333, 0.7533333333333334, 0.7799999999999999, 0.8933333333333334]
featureprefs_probs = [0.7444789008593853, 0.8555796295634391, 0.971810226087217, 0.9999804504123735, 0.999987006187439, 1.0, 1.0, 1.0, 1.0]
featureprefs_correct = [0.44, 0.6866666666666666, 0.7866666666666666, 0.7799999999999999, 0.7999999999999999, 0.84, 0.82, 0.8266666666666667, 0.8466666666666667]
featureprefshuman_probs = [0.8828105374618813, 0.6678228744889184, 0.9999996997691967, 1.0, 1.0, 1.0, 1.0, 1.0, 1.0]
featureprefshuman_correct = [0.5, 0.6933333333333334, 0.8266666666666667, 0.7799999999999999, 0.8133333333333335, 0.8266666666666667, 0.8000000000000002, 0.7866666666666667, 0.82]
