comparisons = ['train_1', 'train_3', 'train_5', 'train_10']
rlhf_probs = [0.30279206797480585, 0.66681884303689, 0.8466504642367363, 0.9913755679130554]
rlhf_correct = [0.48, 0.62, 0.78, 0.86]
featureprefs_probs = [0.08647294014428553, 0.46174637326039375, 1.0, 0.9994173365831375]
featureprefs_correct = [0.46, 0.62, 0.94, 0.74]
featureprefshuman_probs = [0.7829764347476885, 1.0, 1.0, 1.0]
featureprefshuman_correct = [0.54, 0.68, 0.48, 0.48]
