comparisons = ['train_1', 'train_3', 'train_5', 'train_10']
rlhf_probs = [0.9698364126682282, 0.9859260421991348, 0.9807316833734512, 0.8501850801706314]
featureprefs_probs = [0.9999997043609619, 0.9999995064735413, 1.0, 0.9999999129772186]
featureprefshuman_probs = [1.0, 1.0, 1.0, 1.0]
