comparisons = ['train_1', 'train_3', 'train_5', 'train_10']
rlhf_probs = [0.28757985919713974, 0.567188155055046, 0.9127243745326996, 0.3370227478444576]
rlhf_correct = [0.6, 0.74, 0.88, 0.74]
featureprefshuman_probs = [3.892610218783736e-07, 1.0, 1.0, 1.0]
featureprefshuman_correct = [0.62, 0.64, 0.64, 0.64]
featureprefsgt_probs = [9.65526491809458e-13, 1.0, 1.0, 1.0]
featureprefsgt_correct = [0.46, 0.78, 0.84, 0.64]
