comparisons = ['train_1', 'train_3', 'train_5', 'train_10']
rlhf_probs = [0.28757985919713974, 0.567188155055046, 0.9127243745326996, 0.3370227478444576]
rlhf_correct = [0.5, 0.72, 0.76, 0.64]
featureprefs_probs = [0.0004797522255917963, 0.7101020652055741, 0.9990444457530976, 1.6343358495092274e-05]
featureprefs_correct = [0.46, 0.82, 0.88, 0.54]
featureprefshuman_probs = [3.892610218783736e-07, 1.0, 1.0, 1.0]
featureprefshuman_correct = [0.5, 0.56, 0.56, 0.58]
