comparisons = ['train_1', 'train_3', 'train_5', 'train_10']
rlhf_probs = [0.6665291577577591, 0.6308796551823616, 0.6570518177747726, 0.6329633092880249]
featureprefs_probs = [0.9989596700668335, 0.8226930483803153, 0.6599231226369738, 0.9973124599456787]
featureprefshuman_probs = [0.9999999713897705, 0.9999995923042297, 1.0, 1.0]
