comparisons = ['train_1', 'train_3', 'train_5', 'train_10']
rlhf_probs = [0.7026362946494616, 0.6914048025024281, 0.6638888972562281, 0.7939723139253173]
rlhf_correct = [0.62, 0.6, 0.68, 0.6]
featureprefshuman_probs = [0.9999804276007193, 0.9999999004136387, 0.9979538669802034, 0.9999305139843819]
featureprefshuman_correct = [0.66, 0.72, 0.8, 0.84]
