comparisons = ['train_1', 'train_3', 'train_5', 'train_10', 'train_15', 'train_20', 'train_30', 'train_50', 'train_100']
rlhf_probs = [0.5130924692860356, 0.7168552395370271, 0.8176733972849669, 0.9099162408599147, 0.9325505715829355, 0.9870875654397188, 0.9998037241123341, 0.9965725761872751, 0.9983162041063662]
rlhf_correct = [0.56, 0.68, 0.66, 0.76, 0.82, 0.88, 0.84, 0.8, 0.88]
featureprefs_probs = [0.5313108254362036, 0.7491352011415141, 0.9995594709007828, 0.9999768822281448, 0.9999961588117812, 0.9999999823393645, 1.0, 1.0, 1.0]
featureprefs_correct = [0.54, 0.78, 0.72, 0.9, 0.88, 0.86, 0.84, 0.84, 0.92]
featureprefshuman_probs = [0.2754489702207071, 0.9999996158811781, 1.0, 1.0, 1.0, 1.0, 1.0, 1.0, 1.0]
featureprefshuman_correct = [0.46, 0.82, 0.84, 0.84, 0.82, 0.76, 0.8, 0.84, 0.84]
