comparisons = ['train_1', 'train_3', 'train_5', 'train_10', 'train_15', 'train_20', 'train_30', 'train_50', 'train_100']
rlhf_probs = [0.4129809648902328, 0.9074150368019387, 0.8101729618178474, 0.9383191665013632, 0.9351302495709172, 0.9930366123164142, 0.9975899303400958, 0.9976001911693149, 0.9988258127812986]
rlhf_correct = [0.34, 0.66, 0.7, 0.72, 0.62, 0.74, 0.86, 0.74, 0.92]
featureprefs_probs = [0.53356925756843, 0.8212278303862722, 0.9989688926272922, 0.9999980573300962, 0.9999994922567297, 1.0, 1.0, 1.0, 1.0]
featureprefs_correct = [0.32, 0.64, 0.8, 0.86, 0.82, 0.8, 0.8, 0.82, 0.86]
featureprefshuman_probs = [0.6498177316453722, 1.0, 1.0, 1.0, 1.0, 1.0, 1.0, 1.0, 1.0]
featureprefshuman_correct = [0.32, 0.74, 0.84, 0.8, 0.78, 0.84, 0.8, 0.8, 0.82]
