comparisons = ['train_1', 'train_3', 'train_5', 'train_10']
rlhf_probs = [0.6635024301677084, 0.7501238326354281, 0.5472555848053147, 0.6730413285118563]
rlhf_correct = [0.64, 0.68, 0.5, 0.7]
featureprefshuman_probs = [0.9998353273289684, 1.0, 0.6439536727325932, 0.999997319753278]
featureprefshuman_correct = [0.9, 0.9, 0.54, 0.92]
