comparisons = ['train_1', 'train_3', 'train_5', 'train_10']
rlhf_probs = [0.41298268005251887, 0.3675786891579628, 0.5776965427398681, 0.5512966358661652]
rlhf_correct = [0.72, 0.72, 0.72, 0.88]
featureprefs_probs = [0.5633408620290357, 0.3228098735958338, 0.23476529099920299, 0.3821807888522744]
featureprefs_correct = [0.72, 0.7, 0.84, 0.9]
featureprefshuman_probs = [1.0, 1.0, 1.0, 1.0]
featureprefshuman_correct = [0.62, 0.6, 0.54, 0.64]
