comparisons = ['train_1', 'train_3', 'train_5', 'train_10']
rlhf_probs = [0.41298268005251887, 0.3675786891579628, 0.5776965427398681, 0.5512966358661652]
rlhf_correct = [0.52, 0.6, 0.78, 0.86]
featureprefshuman_probs = [1.0, 1.0, 1.0, 1.0]
featureprefshuman_correct = [0.64, 0.62, 0.62, 0.68]
featureprefsgt_probs = [1.0, 1.0, 1.0, 1.0]
featureprefsgt_correct = [0.8, 0.64, 0.78, 0.64]
