comparisons = ['train_1', 'train_3', 'train_5', 'train_10']
rlhf_probs = [0.6837177944183349, 0.34089908093214033, 0.48390908032655716, 0.5345050609111786]
featureprefs_probs = [0.4297615510970354, 0.03297387887777404, 0.9669884753227234, 0.00706654557105594]
featureprefshuman_probs = [0.9999999952316284, 1.0, 0.11347084492444992, 1.0]
