comparisons = ['train_1', 'train_3', 'train_5', 'train_10']
rlhf_probs = [0.7109018263717494, 0.7595219520231087, 0.8121483787894249, 0.9860980550448101]
rlhf_probs_err = [0.08478093625378014, 0.13161471299911048, 0.10456208070685243, 0.0050330375484963445]
rlhf_correct = [0.5733333333333334, 0.7466666666666667, 0.7333333333333333, 0.8466666666666667]
rlhf_cor_err = [0.04371625682868001, 0.0676592771006148, 0.04666666666666664, 0.017638342073763955]
featureprefshuman_probs = [0.9879417618115743, 0.7392345965874104, 1.0, 1.0]
featureprefshuman_probs_err = [0.012054763330580878, 0.2607654034125896, 0.0, 0.0]
featureprefshuman_correct = [0.5066666666666667, 0.62, 0.6066666666666667, 0.5666666666666668]
featureprefshuman_cor_err = [0.04807401700618652, 0.05773502691896257, 0.04371625682868001, 0.05696002496878356]
