comparisons = ['train_1', 'train_3', 'train_5', 'train_10']
rlhf_probs = [0.738236540555954, 0.7550215795636177, 0.6296593859791756, 0.9910773366689682]
rlhf_correct = [0.68, 0.68, 0.6, 0.72]
featureprefshuman_probs = [0.1849143157966374, 0.0019330184257496017, 1.0, 1.0]
featureprefshuman_correct = [0.56, 0.52, 0.6, 0.52]
featureprefsgt_probs = [1.0, 1.0, 1.0, 1.0]
featureprefsgt_correct = [0.88, 0.52, 0.54, 0.58]
