comparisons = ['train_1', 'train_3', 'train_5', 'train_10', 'train_15', 'train_20', 'train_30', 'train_50', 'train_100']
rlhf_probs = [0.506491233445244, 0.6900803351261243, 0.7119792762438579, 0.8067913380118064, 0.6880869072375229, 0.7845056121756894, 0.7223952180234554, 0.9228974463027201, 0.8934012737293793]
rlhf_correct = [0.52, 0.66, 0.64, 0.66, 0.64, 0.58, 0.74, 0.7, 0.8]
featureprefs_probs = [0.46223045368161464, 0.7987041789750902, 0.7359103109283227, 0.714683397715229, 0.8939237608095255, 0.9100111086987948, 0.9999996521835955, 0.9995387351071393, 0.9996378608201266]
featureprefs_correct = [0.48, 0.62, 0.78, 0.72, 0.76, 0.76, 0.82, 0.8, 0.86]
featureprefshuman_probs = [0.6210652198166168, 1.0, 0.9999974882651749, 1.0, 1.0, 1.0, 1.0, 1.0, 1.0]
featureprefshuman_correct = [0.48, 0.84, 0.88, 0.7, 0.76, 0.88, 0.86, 0.92, 0.84]
