comparisons = ['train_1', 'train_3', 'train_5', 'train_10', 'train_15', 'train_20', 'train_30', 'train_50', 'train_100']
rlhf_probs = [0.4952561174032619, 0.7507783467325654, 0.5672754977634291, 0.6277561178009329, 0.6492401242654755, 0.6987681653275856, 0.8711981143296501, 0.9168326240262867, 0.8812698145462162]
rlhf_correct = [0.54, 0.76, 0.72, 0.7, 0.6, 0.74, 0.88, 0.72, 0.88]
featureprefs_probs = [0.36043803304157873, 0.7186804818777068, 0.807136593176097, 0.9953449135454594, 0.9830949186297601, 0.9999947189794156, 0.9998322060569323, 0.9923435712056886, 0.9999950589466488]
featureprefs_correct = [0.56, 0.82, 0.64, 0.9, 0.8, 0.88, 0.92, 0.88, 0.88]
featureprefshuman_probs = [0.38001463235137456, 0.9999978640442523, 0.9987531807196974, 1.0, 1.0, 1.0, 1.0, 1.0, 1.0]
featureprefshuman_correct = [0.64, 0.84, 0.88, 0.94, 0.86, 0.94, 0.96, 0.92, 0.98]
