comparisons = ['train_1', 'train_3', 'train_5', 'train_10', 'train_15', 'train_20', 'train_30', 'train_50', 'train_100']
rlhf_probs = [0.7119792776849166, 0.8067913416911054, 0.6880869153779721, 0.7845056094305873, 0.722395221572446, 0.9228974467932932, 0.8934012727482329]
rlhf_correct = [0.64, 0.66, 0.64, 0.58, 0.74, 0.7, 0.8]
featureprefs_probs = [0.46223045533729923, 0.7987041736075294, 0.7359103155734378, 0.7146834021610488, 0.8939237532669625, 0.9100111098619899, 0.9999996521835955, 0.9995387351071393, 0.9996378608201266]
featureprefs_correct = [0.48, 0.62, 0.78, 0.72, 0.76, 0.76, 0.82, 0.8, 0.86]
featureprefshuman_probs = [0.6210652215259859, 1.0, 0.9999974882651749, 1.0, 1.0, 1.0, 1.0, 1.0, 1.0]
featureprefshuman_correct = [0.48, 0.84, 0.88, 0.7, 0.76, 0.88, 0.86, 0.92, 0.84]
