comparisons = ['train_1', 'train_3', 'train_5', 'train_10', 'train_15', 'train_20', 'train_30', 'train_50', 'train_100']
rlhf_probs = [0.4614362964414275, 0.6854574454664694, 0.7811528723303673, 0.7167946868595273, 0.7780924621248932, 0.7923159820560381, 0.7758410881185298, 0.8760499524972076, 0.9346920735060923]
rlhf_correct = [0.5, 0.64, 0.64, 0.64, 0.64, 0.56, 0.76, 0.7, 0.8]
featureprefs_probs = [0.5339466306407756, 0.47397889019039924, 0.5890809100105929, 0.3743444262034118, 0.6054931566303159, 0.5809693889608109, 0.8662330341437225, 0.21362923895135338, 0.6827799251050125]
featureprefs_correct = [0.46, 0.72, 0.6, 0.42, 0.76, 0.72, 0.82, 0.16, 0.72]
featureprefshuman_probs = [0.49990539050396576, 0.9673469920217255, 0.92368013696906, 0.1553597651391363, 0.9972877818861126, 0.015517257974164967, 0.8951322384822515, 0.9888002048304052, 0.995223125312554]
featureprefshuman_correct = [0.5, 0.88, 0.78, 0.24, 0.82, 0.2, 0.74, 0.82, 0.84]
