comparisons = ['train_1', 'train_3', 'train_5', 'train_10', 'train_15', 'train_20', 'train_30', 'train_50', 'train_100']
rlhf_probs = [0.5313358972531287, 0.5097859347614732, 0.39449603969054947, 0.5938162220327697, 0.6691148763392197, 0.6603994245232282, 0.9450809865454097, 0.928883316830843, 0.9058514808921657]
rlhf_correct = [0.6, 0.68, 0.74, 0.48, 0.78, 0.58, 0.72, 0.92, 0.92]
featureprefs_probs = [0.42808432421894216, 0.8297146381388721, 0.7289519359912124, 0.919915133236367, 0.8845185012913045, 0.8324456572884296, 1.0, 0.9999999872450966, 0.9981672565142313]
featureprefs_correct = [0.56, 0.72, 0.74, 0.56, 0.82, 0.9, 0.9, 0.94, 0.88]
featureprefshuman_probs = [0.4787607140455033, 0.6250551826635513, 1.0, 0.6771537051681784, 1.0, 1.0, 1.0, 1.0, 1.0]
featureprefshuman_correct = [0.52, 0.68, 0.8, 0.66, 0.98, 0.94, 0.92, 0.94, 0.92]
rlhfhuman_probs = [0.5140397656751354, 0.6496942782372264, 0.6882699119383823, 0.9250848444500639, 0.9998105580424085, 0.9999881065431445, 0.9999999229800064, 0.9999988564738521, 0.9999670584996542]
rlhfhuman_correct = [0.52, 0.72, 0.74, 0.66, 0.92, 0.88, 0.86, 0.92, 0.9]
