comparisons = ['train_1', 'train_3', 'train_5', 'train_10', 'train_15', 'train_20', 'train_30', 'train_50', 'train_100']
rlhf_probs = [0.5055253044567971, 0.5215102459913419, 0.516216860972958, 0.7175871258900489, 0.6691148763392197, 0.6603994245232282, 0.9450809865454097, 0.928883316830843, 0.9058514808921657]
rlhf_correct = [0.48, 0.58, 0.58, 0.68, 0.74, 0.62, 0.8, 0.84, 0.9]
featureprefs_probs = [0.42808432421894216, 0.8297146381388721, 0.7289519359912124, 0.919915133236367, 0.8845185012913045, 0.8324456572884296, 1.0, 0.9999999872450966, 0.9981672565142313]
featureprefs_correct = [0.56, 0.72, 0.74, 0.56, 0.82, 0.9, 0.9, 0.94, 0.88]
featureprefshuman_probs = [0.999913946591287, 0.9972341369699549, 1.0, 0.9999960675651645, 0.9951314038209954, 1.0, 1.0, 1.0, 1.0]
featureprefshuman_correct = [0.64, 0.8, 0.86, 0.88, 0.88, 0.92, 0.92, 0.9, 0.82]
rlhfhuman_probs = [0.5140397656751354, 0.6496942782372264, 0.6882699119383823, 0.9250848444500639, 0.9998105580424085, 0.9999881065431445, 0.9999999229800064, 0.9999988564738521, 0.9999670584996542]
rlhfhuman_correct = [0.5, 0.66, 0.6, 0.76, 0.88, 0.88, 0.84, 0.84, 0.88]
