comparisons = ['train_1', 'train_3', 'train_5', 'train_10']
rlhf_probs = [0.3805526611953974, 0.8748747211694717, 0.7127335068583488, 0.9733262103796005]
rlhf_correct = [0.62, 0.5, 0.68, 0.78]
featureprefs_probs = [0.7556475399062037, 0.9999965596199035, 0.6199902372452197, 0.9999983763694763]
featureprefs_correct = [0.68, 0.72, 0.72, 0.72]
featureprefshuman_probs = [1.0, 1.0, 1.0, 1.0]
featureprefshuman_correct = [0.46, 0.46, 0.48, 0.46]
