comparisons = ['train_1', 'train_3', 'train_5', 'train_10']
rlhf_probs = [0.09707180441357195, 0.9888342839479446, 0.7727196078002453, 0.9027316123247147]
featureprefs_probs = [0.1920160608930746, 0.9999999690055847, 0.9998975801467895, 0.9999971544742584]
featureprefshuman_probs = [0.4103054358717054, 1.0, 1.0, 1.0]
