comparisons = ['train_1', 'train_3', 'train_5', 'train_10', 'train_15', 'train_20', 'train_30', 'train_50', 'train_100']
rlhf_probs = [0.7491344809532166, 0.5962521433830261, 0.8681579828262329, 0.9684343338012695, 0.9722641706466675, 0.9999275207519531, 0.9996203184127808, 0.999983549118042, 0.9999828338623047]
rlhf_correct = [0.6, 0.54, 0.68, 0.7, 0.8, 0.88, 0.86, 0.94, 0.96]
featureprefs_probs = [0.7922719717025757, 0.7327133417129517, 0.9999992847442627, 1.0, 1.0, 1.0, 1.0, 1.0, 1.0]
featureprefs_correct = [0.52, 0.54, 0.94, 0.72, 0.92, 0.92, 0.94, 0.94, 1.0]
featureprefshuman_probs = [0.9440116882324219, 0.23737673461437225, 0.999993085861206, 1.0, 1.0, 1.0, 1.0, 1.0, 1.0]
featureprefshuman_correct = [0.6, 0.5, 0.84, 0.74, 0.9, 0.92, 0.96, 0.94, 1.0]
