comparisons = ['train_1', 'train_3', 'train_5', 'train_10', 'train_15', 'train_20', 'train_30', 'train_50', 'train_100']
rlhf_probs = [0.6803407669067383, 0.8247159123420715, 0.9666671752929688, 0.8683195114135742, 0.9971394538879395, 0.994664192199707, 1.0, 0.9999886751174927, 0.999941349029541]
rlhf_correct = [0.56, 0.66, 0.7, 0.62, 0.78, 0.68, 0.92, 0.92, 0.94]
featureprefs_probs = [0.7602826952934265, 0.9807261824607849, 0.9998650550842285, 0.7647709846496582, 1.0, 1.0, 1.0, 1.0, 1.0]
featureprefs_correct = [0.54, 0.58, 0.62, 0.52, 0.84, 0.74, 0.94, 0.96, 0.94]
featureprefshuman_probs = [0.8136414289474487, 0.9499902725219727, 0.9967907071113586, 0.9961087107658386, 1.0, 1.0, 1.0, 1.0, 1.0]
featureprefshuman_correct = [0.56, 0.52, 0.62, 0.54, 0.82, 0.74, 0.94, 0.96, 0.94]
