comparisons = ['train_1', 'train_3', 'train_5', 'train_10', 'train_15', 'train_20', 'train_30', 'train_50', 'train_100']
rlhf_probs = [0.8157034516334534, 0.896337628364563, 0.7420158386230469, 0.9658063650131226, 0.996997594833374, 0.999966025352478, 0.9999938011169434, 0.9998196959495544, 0.999962329864502]
rlhf_correct = [0.54, 0.68, 0.62, 0.74, 0.76, 0.74, 0.82, 0.9, 0.94]
featureprefs_probs = [0.9672585725784302, 0.9647716879844666, 1.0, 0.9999972581863403, 1.0, 1.0, 1.0, 1.0, 1.0]
featureprefs_correct = [0.54, 0.56, 0.86, 0.66, 0.82, 0.84, 0.74, 0.78, 0.86]
featureprefshuman_probs = [0.965497612953186, 0.9837942719459534, 0.99913090467453, 0.9999995231628418, 1.0, 1.0, 1.0, 1.0, 1.0]
featureprefshuman_correct = [0.58, 0.62, 0.54, 0.82, 0.84, 0.84, 0.72, 0.8, 0.82]
