comparisons = ['train_1', 'train_3', 'train_5', 'train_10']
rlhf_probs = [0.766648530960083, 0.8505203425884247, 0.9374797701835632, 0.37301778197288515]
rlhf_correct = [0.66, 0.7, 0.98, 0.58]
featureprefshuman_probs = [1.0, 1.0, 1.0, 1.0]
featureprefshuman_correct = [0.62, 0.74, 0.84, 0.78]
