comparisons = ['train_1', 'train_3', 'train_5', 'train_10']
rlhf_probs = [0.8917579293251038, 0.4506517842411995, 0.702444103360176, 0.9071943163871765]
rlhf_correct = [0.94, 0.68, 0.8, 0.82]
featureprefs_probs = [0.2274795725941658, 0.33545014306437226, 0.9216382473707199, 0.8907844483852386]
featureprefs_correct = [0.74, 0.66, 0.74, 0.84]
featureprefshuman_probs = [1.0, 0.14675533436238766, 1.0, 1.0]
featureprefshuman_correct = [0.74, 0.62, 0.84, 0.92]
