comparisons = ['train_1', 'train_3', 'train_5', 'train_10']
rlhf_probs = [0.19608935490250587, 0.8160047352313995, 0.5639466375112534, 0.5353774264454841]
featureprefs_probs = [0.4183143340051174, 0.9852527260780335, 0.9998645305633544, 0.999942147731781]
featureprefshuman_probs = [0.999916422367096, 1.0, 0.9999998807907104, 1.0]
