comparisons = ['train_1', 'train_3', 'train_5', 'train_10']
rlhf_probs = [0.8637080013751983, 0.694955775141716, 0.9482066094875335, 0.5152360886335373]
rlhf_correct = [0.66, 0.66, 0.92, 0.62]
featureprefs_probs = [0.4961938075721264, 0.7394963301718235, 0.9209545969963073, 0.6305699586868286]
featureprefs_correct = [0.54, 0.64, 0.84, 0.66]
featureprefshuman_probs = [0.9999916911125183, 1.0, 1.0, 1.0]
featureprefshuman_correct = [0.6, 0.74, 0.88, 0.88]
