comparisons = ['train_1', 'train_3', 'train_5', 'train_10']
rlhf_probs = [0.6467151120305061, 0.7029333442449569, 0.5673932731151581, 0.5538432533542316]
rlhf_probs_err = [0.1809805379218615, 0.06610534738447611, 0.09789161218836284, 0.09701468688798787]
rlhf_correct = [0.6133333333333333, 0.66, 0.6733333333333333, 0.64]
rlhf_cor_err = [0.017638342073763955, 0.01999999999999998, 0.017638342073763927, 0.06429100507328636]
featureprefshuman_probs = [0.6779532895113031, 0.7720972708923001, 0.6724340685332816, 0.6666640163333797]
featureprefshuman_probs_err = [0.32204653167477915, 0.22790272910770001, 0.3275575808790269, 0.3333320080447167]
featureprefshuman_correct = [0.5866666666666667, 0.6266666666666668, 0.6866666666666665, 0.5866666666666667]
featureprefshuman_cor_err = [0.056960024968783524, 0.035276684147527874, 0.046666666666666676, 0.05925462944877058]
