comparisons = ['train_1', 'train_3', 'train_5', 'train_10']
rlhf_probs = [0.6934489913781484, 0.3804246609223385, 0.6280326242248216, 0.5315720645586649]
rlhf_probs_err = [0.01898539648875366, 0.13464842704091837, 0.07622633071888811, 0.059403050220059844]
featureprefs_probs = [0.8095303088674942, 0.456510590960501, 0.8750583658988277, 0.6524455845638008]
featureprefs_probs_err = [0.1898845606107235, 0.22976888719312397, 0.10794583743406973, 0.32294344865753793]
featureprefshuman_probs = [0.9999998537699382, 0.9999998641014098, 0.7044902816414833, 1.0]
featureprefshuman_probs_err = [1.2972346880789098e-07, 1.3589859008493002e-07, 0.2955097183585167, 0.0]
