comparisons = ['train_1', 'train_3', 'train_5', 'train_10']
rlhf_probs = [0.6238880097579891, 0.6543462937097327, 0.5757871143448335, 0.7282002561090741]
rlhf_probs_err = [0.0602499304065481, 0.06854692505873135, 0.044952915027504765, 0.03531078545360785]
rlhf_correct = [0.6066666666666667, 0.6533333333333333, 0.6733333333333333, 0.6066666666666666]
rlhf_cor_err = [0.024037008503093246, 0.02666666666666669, 0.09820613241770824, 0.052068331172711015]
featureprefshuman_probs = [0.7905401078324182, 0.9680452745631861, 0.8657640412583434, 0.9269499931606241]
featureprefshuman_probs_err = [0.2093677738224386, 0.03195467564364614, 0.1115839230522396, 0.0730139262551005]
featureprefshuman_correct = [0.7133333333333334, 0.8066666666666666, 0.7200000000000001, 0.8133333333333334]
featureprefshuman_cor_err = [0.09614803401237307, 0.05206833117271105, 0.09018499505645787, 0.07055336829505575]
