comparisons = ['train_1', 'train_3', 'train_5', 'train_10']
rlhf_probs = [0.8877436048984527, 0.49764036148786545, 0.36422720140218734, 0.4105666591525078]
rlhf_correct = [0.6, 0.52, 0.52, 0.6]
featureprefshuman_probs = [0.9937628812789917, 0.9604277708530427, 0.02244543607905507, 0.9999994339942933]
featureprefshuman_correct = [0.66, 0.56, 0.62, 0.72]
