comparisons = ['train_1', 'train_3', 'train_5', 'train_10']
rlhf_probs = [0.8877436048984527, 0.49764036148786545, 0.36422720140218734, 0.4105666591525078]
rlhf_correct = [0.62, 0.58, 0.48, 0.48]
featureprefshuman_probs = [0.9937628812789917, 0.9604277708530427, 0.02244543607905507, 0.9999994339942933]
featureprefshuman_correct = [0.56, 0.56, 0.5, 0.62]
featureprefsgt_probs = [0.9973025541305542, 1.0, 0.04247593645621481, 0.9976603055000305]
featureprefsgt_correct = [0.54, 0.64, 0.5, 0.66]
