comparisons = ['train_1', 'train_3', 'train_5', 'train_10']
rlhf_probs = [0.5055253044567971, 0.5215102459913419, 0.516216860972958, 0.7175871258900489]
rlhf_correct = [0.56, 0.68, 0.84, 0.52]
featureprefshuman_probs = [0.3718045685675673, 0.9041359232759197, 0.9553845840622336, 0.7809221457442127]
featureprefshuman_correct = [0.58, 0.8, 0.82, 0.68]
