comparisons = ['train_1', 'train_3', 'train_5', 'train_10']
rlhf_probs = [0.722529975771904, 0.3663297511637211, 0.23594615057110788, 0.7804312843084336]
rlhf_correct = [0.7, 0.6, 0.62, 0.66]
featureprefshuman_probs = [0.21573913734406233, 1.0, 1.0, 0.9999999165534973]
featureprefshuman_correct = [0.8, 0.64, 0.64, 0.84]
featureprefsgt_probs = [0.9991309070587158, 1.0, 1.0, 1.0]
featureprefsgt_correct = [0.42, 0.86, 0.88, 0.64]
