comparisons = ['train_1', 'train_3', 'train_5', 'train_10']
rlhf_probs = [0.722529975771904, 0.3663297511637211, 0.23594615057110788, 0.7804312843084336]
rlhf_correct = [0.62, 0.78, 0.7, 0.58]
featureprefs_probs = [0.7761138616502286, 0.002557058569104811, 0.013494921784198083, 0.3975784585997462]
featureprefs_correct = [0.62, 0.78, 0.6, 0.82]
featureprefshuman_probs = [0.21573913734406233, 1.0, 1.0, 0.9999999165534973]
featureprefshuman_correct = [0.76, 0.64, 0.64, 0.7]
