comparisons = ['train_1', 'train_3', 'train_5', 'train_10']
rlhf_probs = [0.7301000219583511, 0.16949524665251375, 0.7431369745731353, 0.42724782347679136]
featureprefs_probs = [0.9998697054386139, 0.5138648456234136, 0.9982634997367859, 0.9529577481746674]
featureprefshuman_probs = [0.9999995946884155, 1.0, 1.0, 1.0]
