comparisons = ['train_1', 'train_3', 'train_5', 'train_10', 'train_15', 'train_20', 'train_30', 'train_50', 'train_100']
rlhf_probs = [0.6094738841056824, 0.5482389330863953, 0.9664137959480286, 0.9975920915603638, 0.9970177412033081, 0.9961651563644409, 0.9999997615814209, 0.9999141693115234, 0.9999333620071411]
rlhf_correct = [0.6, 0.68, 0.72, 0.84, 0.82, 0.78, 0.86, 0.96, 0.94]
featureprefs_probs = [0.4798722267150879, 0.9999337196350098, 0.9999179840087891, 1.0, 1.0, 1.0, 1.0, 1.0, 1.0]
featureprefs_correct = [0.6, 0.76, 0.72, 0.8, 0.9, 0.9, 0.88, 0.94, 0.92]
featureprefshuman_probs = [0.9443208575248718, 0.999987006187439, 0.9998940229415894, 1.0, 1.0, 1.0, 1.0, 1.0, 1.0]
featureprefshuman_correct = [0.58, 0.74, 0.72, 0.72, 0.88, 0.9, 0.88, 0.98, 0.92]
