comparisons = ['train_1', 'train_3', 'train_5', 'train_10', 'train_15', 'train_20', 'train_30', 'train_50', 'train_100']
probs = [0.7666046619415283, 0.9132069945335388, 0.17458957433700562, 0.9906501770019531, 0.9681127667427063, 0.9998108744621277, 0.9999711513519287, 0.9997177720069885, 0.9999382495880127]
correct = [0.46, 0.72, 0.56, 0.78, 0.6, 0.88, 0.92, 0.9, 0.94]
probs = [0.9747452735900879, 0.9814369082450867, 0.9999145269393921, 0.9999990463256836, 0.9998652935028076, 1.0, 1.0, 1.0, 1.0]
correct = [0.5, 0.74, 0.82, 0.86, 0.6, 0.88, 0.92, 0.98, 0.92]
