comparisons = ['train_1', 'train_30', 'train_3', 'train_5', 'train_50', 'train_100', 'train_10', 'train_15', 'train_20', 'train_30', 'train_50', 'train_100']
rlhf_probs = [0.6481502652168274, 0.9999955892562866, 0.38149285316467285, 0.9998328685760498, 0.976028323173523, 0.9999856948852539, 0.9836212396621704, 0.996410071849823, 0.9999135732650757, 0.9999955892562866, 0.9998328685760498, 0.9999856948852539]
rlhf_correct = [0.54, 0.88, 0.56, 0.9, 0.54, 0.9, 0.72, 0.86, 0.82, 0.88, 0.9, 0.9]
featureprefs_probs = [0.7669273614883423, 0.9874234795570374, 1.0, 0.9999703168869019, 1.0, 1.0, 0.9999996423721313, 0.9999998807907104, 1.0, 1.0, 1.0, 1.0]
featureprefs_correct = [0.5, 0.6, 0.86, 0.6, 0.96, 0.94, 0.76, 0.84, 0.74, 0.86, 0.96, 0.94]
featureprefshuman_probs = [0.9496400952339172, 1.0, 0.17831741273403168, 0.9999860525131226, 1.0, 1.0, 0.9999998807907104, 1.0, 1.0, 1.0, 1.0, 1.0]
featureprefshuman_correct = [0.54, 0.86, 0.46, 0.58, 0.96, 0.94, 0.74, 0.88, 0.76, 0.86, 0.96, 0.94]
