comparisons = ['train_1', 'train_3', 'train_5', 'train_10', 'train_15', 'train_20', 'train_30', 'train_50', 'train_100']
rlhf_probs = [0.2658390700817108, 0.5361438393592834, 0.9113696217536926, 0.37753188610076904, 0.9912740588188171, 0.9981441497802734, 0.9999967813491821, 0.9999935626983643, 0.999968409538269]
rlhf_correct = [0.4, 0.7, 0.78, 0.58, 0.76, 0.86, 0.82, 1.0, 0.98]
featureprefs_probs = [0.9237057566642761, 0.9989014863967896, 0.9999966621398926, 0.9766178131103516, 1.0, 1.0, 1.0, 1.0, 1.0]
featureprefs_correct = [0.52, 0.8, 0.8, 0.56, 0.86, 0.92, 0.88, 0.84, 0.88]
featureprefshuman_probs = [0.14807702600955963, 0.999152660369873, 0.999988317489624, 0.9993547797203064, 1.0, 1.0, 1.0, 1.0, 1.0]
featureprefshuman_correct = [0.48, 0.8, 0.78, 0.6, 0.86, 0.92, 0.92, 0.84, 0.9]
