comparisons = ['train_1', 'train_3', 'train_5', 'train_10', 'train_15', 'train_20', 'train_30', 'train_50', 'train_100']
rlhf_probs = [0.891666829586029, 0.9910812973976135, 0.9772948026657104, 0.6251299381256104, 0.9190561771392822, 0.9998953342437744, 0.9999990463256836, 0.9999921321868896, 0.999984860420227]
rlhf_correct = [0.58, 0.68, 0.7, 0.72, 0.68, 0.78, 0.84, 0.96, 0.9]
featureprefs_probs = [0.9612913727760315, 0.9999939203262329, 0.9999113082885742, 0.9521028399467468, 1.0, 1.0, 1.0, 1.0, 1.0]
featureprefs_correct = [0.58, 0.76, 0.86, 0.7, 0.8, 0.86, 0.94, 0.92, 0.92]
