comparisons = ['train_1', 'train_3', 'train_5', 'train_10', 'train_15', 'train_20', 'train_30', 'train_50', 'train_100']
probs = [0.8119229078292847, 0.9842352867126465, 0.9690329432487488, 0.42863035202026367, 0.9335561394691467, 0.999861478805542, 0.9999979734420776, 0.9999434947967529, 0.999974250793457]
correct = [0.54, 0.7, 0.72, 0.78, 0.66, 0.74, 0.84, 0.94, 0.9]
probs = [0.9643454551696777, 0.99998939037323, 0.9999916553497314, 0.9991570711135864, 0.9999992847442627, 1.0, 1.0, 1.0, 1.0]
correct = [0.52, 0.72, 0.76, 0.7, 0.78, 0.84, 0.94, 0.92, 0.92]
