comparisons = ['train_1', 'train_3', 'train_5', 'train_10', 'train_15', 'train_20', 'train_30', 'train_50', 'train_100']
rlhf_probs = [0.7692858179410299, 0.8923360308011373, 0.6179719070593516, 0.9149269262949625, 0.98255455493927, 0.9998861153920492, 0.9999940792719523, 0.9999005993207296, 0.9999786615371704]
rlhf_correct = [0.6066666666666667, 0.6466666666666666, 0.5533333333333333, 0.7066666666666667, 0.68, 0.7600000000000001, 0.8333333333333334, 0.8933333333333334, 0.9533333333333333]
featureprefs_probs = [0.9485779205958048, 0.9872618118921915, 0.996941884358724, 0.9999226927757263, 1.0, 1.0, 1.0, 1.0, 1.0]
featureprefs_correct = [0.5933333333333334, 0.6533333333333333, 0.6533333333333333, 0.7400000000000001, 0.8066666666666666, 0.8066666666666666, 0.7333333333333334, 0.8266666666666667, 0.8533333333333334]
featureprefshuman_probs = [0.9356946547826132, 0.9914000630378723, 0.691891091565291, 0.9366150299708048, 0.9999999602635702, 1.0, 1.0, 1.0, 1.0]
featureprefshuman_correct = [0.6066666666666666, 0.6866666666666666, 0.5266666666666667, 0.7533333333333333, 0.82, 0.7799999999999999, 0.7266666666666666, 0.8333333333333334, 0.8133333333333334]
