comparisons = ['train_1', 'train_3', 'train_5', 'train_10', 'train_15', 'train_20', 'train_30', 'train_50', 'train_100']
rlhf_probs = [0.6409011681874593, 0.8469155430793762, 0.9307450652122498, 0.9203660289446512, 0.9923988183339437, 0.9979339043299357, 0.9999989668528239, 0.9999001622200012, 0.9999676545461019]
rlhf_correct = [0.5466666666666667, 0.6466666666666666, 0.7399999999999999, 0.7400000000000001, 0.8266666666666668, 0.7999999999999999, 0.84, 0.8933333333333334, 0.9066666666666666]
featureprefs_probs = [0.6049164409438769, 0.7404820124308268, 0.9998968044916788, 0.9215691884358724, 1.0, 1.0, 1.0, 1.0, 1.0]
featureprefs_correct = [0.54, 0.54, 0.7400000000000001, 0.68, 0.8733333333333334, 0.8333333333333334, 0.9066666666666666, 0.94, 0.96]
featureprefshuman_probs = [0.7239469091097513, 0.9833187659581503, 0.9989263415336609, 0.9986145496368408, 0.9999999602635702, 1.0, 1.0, 1.0, 1.0]
featureprefshuman_correct = [0.5933333333333334, 0.62, 0.7200000000000001, 0.6866666666666666, 0.8666666666666667, 0.84, 0.9199999999999999, 0.94, 0.9466666666666667]
