comparisons = ['train_1', 'train_3', 'train_5', 'train_10', 'train_15', 'train_20', 'train_30', 'train_50', 'train_100']
rlhf_probs = [0.5245233873526255, 0.5506991744041443, 0.8084923624992371, 0.8064680695533752, 0.9759236574172974, 0.9997246861457825, 0.9998716513315836, 0.9999591112136841, 0.999911367893219]
rlhf_correct = [0.54, 0.6533333333333333, 0.7000000000000001, 0.6866666666666665, 0.7866666666666667, 0.8533333333333334, 0.8933333333333334, 0.9199999999999999, 0.9666666666666667]
featureprefs_probs = [0.44981308840215206, 0.8554698427518209, 0.9865870475769043, 0.9999980529149374, 1.0, 1.0, 1.0, 1.0, 1.0]
featureprefs_correct = [0.47333333333333333, 0.6133333333333334, 0.8066666666666666, 0.86, 0.88, 0.86, 0.9533333333333333, 0.9466666666666667, 0.9733333333333333]
featureprefshuman_probs = [0.5733225867152214, 0.7373462071021398, 0.6708937861646215, 0.9999995231628418, 0.9999999602635702, 1.0, 1.0, 1.0, 1.0]
featureprefshuman_correct = [0.54, 0.6466666666666666, 0.7133333333333334, 0.86, 0.8533333333333334, 0.88, 0.9666666666666667, 0.9533333333333333, 0.9733333333333333]
