comparisons = ['train_1', 'train_3', 'train_5', 'train_10']
rlhf_probs = [0.6814730763435364, 0.6919832328955332, 0.931596557299296, 0.9780434370040894]
rlhf_probs_err = [0.04970120101548555, 0.1606004734178411, 0.033045523849879264, 0.0124937956346448]
rlhf_correct = [0.62, 0.6266666666666666, 0.6466666666666666, 0.7266666666666666]
rlhf_cor_err = [0.0529150262212918, 0.06359594676112972, 0.024037008503093284, 0.07512951779723098]
featureprefshuman_probs = [0.8339000344276428, 0.9883687098821005, 0.9932074944178263, 1.0]
featureprefshuman_probs_err = [0.047565546130319554, 0.010539807402793954, 0.006267870443838203, 0.0]
featureprefshuman_correct = [0.6466666666666666, 0.5666666666666667, 0.6733333333333332, 0.8666666666666667]
featureprefshuman_cor_err = [0.026666666666666655, 0.07055336829505574, 0.04666666666666667, 0.04371625682868001]
