comparisons = ['train_1', 'train_3', 'train_5', 'train_10']
rlhf_probs = [0.5259363424281279, 0.38310113211472835, 0.41958756107836964, 0.6225245292981466]
rlhf_probs_err = [0.1450070315742837, 0.08831615204194737, 0.23214989576548212, 0.13156502623865668]
featureprefs_probs = [0.3231095307665817, 0.3188753670276492, 0.29361268345921415, 0.43990702192034403]
featureprefs_probs_err = [0.16543487556478628, 0.1686711207621375, 0.27438611320214734, 0.27079982145271064]
featureprefshuman_probs = [0.336631512868049, 0.3333417663640151, 0.6665599274635315, 1.0]
featureprefshuman_probs_err = [0.33150991598539276, 0.33332910609156313, 0.3332799731637354, 0.0]
