comparisons = ['train_1', 'train_3', 'train_5', 'train_10']
rlhf_probs = [0.5461958189805348, 0.5115710029825569, 0.3516463289608558, 0.3985312595615784]
rlhf_probs_err = [0.1719053275811318, 0.18772068103357592, 0.03036415700564679, 0.016532969509943977]
rlhf_correct = [0.5266666666666667, 0.5533333333333333, 0.5533333333333333, 0.6266666666666666]
rlhf_cor_err = [0.03711842908553348, 0.06565905201197404, 0.03333333333333333, 0.03711842908553348]
featureprefshuman_probs = [0.5144754189257131, 0.5814010012939173, 0.6711330437126258, 0.9332863562931721]
featureprefshuman_probs_err = [0.2868209094335452, 0.29513734411621, 0.3243542724565244, 0.05064421689279162]
featureprefshuman_correct = [0.5333333333333333, 0.6333333333333334, 0.6466666666666666, 0.7133333333333333]
featureprefshuman_cor_err = [0.06359594676112972, 0.04666666666666664, 0.026666666666666655, 0.01763834207376392]
