comparisons = ['train_1', 'train_3', 'train_5', 'train_10', 'train_15', 'train_20', 'train_30', 'train_50', 'train_100']
rlhf_probs = [0.8589186072349548, 0.9601241946220398, 0.99480140209198, 0.9965187311172485, 0.9655311703681946, 0.9995741248130798, 0.9999719858169556, 0.999977707862854, 0.9999842643737793]
rlhf_correct = [0.64, 0.72, 0.78, 0.82, 0.62, 0.82, 0.78, 0.9, 0.88]
featureprefs_probs = [0.9447866082191467, 0.9986415505409241, 0.9999072551727295, 1.0, 0.9999995231628418, 1.0, 1.0, 1.0, 1.0]
featureprefs_correct = [0.56, 0.66, 0.64, 0.7, 0.76, 0.84, 0.78, 0.88, 0.94]
featureprefshuman_probs = [0.9710619449615479, 0.9997641444206238, 0.999909520149231, 1.0, 1.0, 1.0, 1.0, 1.0, 1.0]
featureprefshuman_correct = [0.6, 0.74, 0.66, 0.74, 0.82, 0.82, 0.78, 0.92, 0.94]
rlhfhuman_probs = [0.8179153800010681, 0.9674162864685059, 0.987795352935791, 0.9945025444030762, 0.9899035692214966, 0.9993372559547424, 0.9999933242797852, 0.9999396800994873, 0.9999880790710449]
rlhfhuman_correct = [0.6, 0.72, 0.68, 0.72, 0.66, 0.84, 0.74, 0.92, 0.88]
