comparisons = ['train_1', 'train_3', 'train_5', 'train_10', 'train_15', 'train_20', 'train_30', 'train_50', 'train_100']
rlhf_probs = [0.6858412027359009, 0.8916212320327759, 0.7651963829994202, 0.7844842672348022, 0.9670019149780273, 0.999700665473938, 0.9999896287918091, 0.999937891960144, 0.9999867677688599]
rlhf_correct = [0.56, 0.7, 0.6, 0.68, 0.68, 0.8, 0.82, 0.9, 0.96]
featureprefs_probs = [0.889203667640686, 0.9999693632125854, 0.9986863732337952, 0.9997708201408386, 1.0, 1.0, 1.0, 1.0, 1.0]
featureprefs_correct = [0.48, 0.72, 0.62, 0.68, 0.84, 0.76, 0.72, 0.84, 0.9]
featureprefshuman_probs = [0.9136211276054382, 0.9997772574424744, 0.9867801070213318, 0.8098455667495728, 1.0, 1.0, 1.0, 1.0, 1.0]
featureprefshuman_correct = [0.6, 0.78, 0.62, 0.6, 0.86, 0.74, 0.72, 0.84, 0.82]
