comparisons = ['train_1', 'train_3', 'train_5', 'train_10', 'train_15', 'train_20', 'train_30', 'train_50', 'train_100']
rlhf_probs = [0.8546612858772278, 0.904453456401825, 0.9897224307060242, 0.8992624878883362, 0.9841724038124084, 0.9993384480476379, 0.9999970197677612, 0.9999645948410034, 0.9999887943267822]
rlhf_correct = [0.54, 0.7, 0.86, 0.76, 0.9, 0.86, 0.76, 0.88, 0.92]
featureprefs_probs = [0.9926691055297852, 0.9996814727783203, 0.999993085861206, 0.9999370574951172, 1.0, 1.0, 1.0, 1.0, 1.0]
featureprefs_correct = [0.6, 0.6, 0.88, 0.74, 0.88, 0.86, 0.92, 1.0, 0.98]
featureprefshuman_probs = [0.9973568916320801, 0.9999725818634033, 0.9999994039535522, 0.9997349381446838, 1.0, 1.0, 1.0, 1.0, 1.0]
featureprefshuman_correct = [0.64, 0.64, 0.82, 0.7, 0.86, 0.88, 0.9, 1.0, 0.96]
