comparisons = ['train_1', 'train_3', 'train_5', 'train_10', 'train_15', 'train_20', 'train_30', 'train_50', 'train_100']
rlhf_probs = [0.2755245864391327, 0.7846081256866455, 0.9871599674224854, 0.9457940459251404, 0.9811237454414368, 0.999909520149231, 0.9999986886978149, 0.9999284744262695, 0.9997872710227966]
rlhf_correct = [0.6, 0.76, 0.82, 0.7, 0.78, 0.88, 0.9, 0.92, 0.96]
featureprefs_probs = [0.028929414227604866, 0.9933979511260986, 0.999472439289093, 0.999994158744812, 1.0, 1.0, 1.0, 1.0, 1.0]
featureprefs_correct = [0.48, 0.56, 0.84, 0.94, 0.82, 0.9, 0.98, 0.92, 0.96]
featureprefshuman_probs = [0.04013106971979141, 0.9895700216293335, 0.9999129772186279, 0.9999985694885254, 0.9999998807907104, 1.0, 1.0, 1.0, 1.0]
featureprefshuman_correct = [0.6, 0.76, 0.84, 0.9, 0.78, 0.92, 0.98, 0.94, 0.96]
