comparisons = ['train_1', 'train_3', 'train_5', 'train_10', 'train_15', 'train_20', 'train_30', 'train_50', 'train_100']
rlhf_probs = [0.6104485204926243, 0.7949163394945639, 0.7683994129852012, 0.9412836344153793, 0.7720612552430894, 0.6149454939834498, 0.9860652839695966, 0.9963143004311455, 0.9976331900667261]
rlhf_correct = [0.52, 0.56, 0.68, 0.72, 0.66, 0.62, 0.76, 0.8, 0.88]
featureprefs_probs = [0.45739617557437334, 0.9893437557750278, 0.9846036654931528, 0.99999941278387, 0.9999363621075948, 1.0, 1.0, 1.0, 1.0]
featureprefs_correct = [0.44, 0.62, 0.64, 0.86, 0.86, 0.86, 0.88, 0.9, 0.9]
featureprefshuman_probs = [0.9111239843898349, 0.9999957393716883, 1.0, 1.0, 1.0, 1.0, 1.0, 1.0, 1.0]
featureprefshuman_correct = [0.5, 0.66, 0.74, 0.82, 0.7, 0.88, 0.82, 0.86, 0.88]
rlhfhuman_probs = [0.4826019368375893, 0.8991261919339498, 0.8982850710550944, 0.9999453138422083, 0.9999909356788352, 0.9999999955848411, 1.0, 1.0, 1.0]
rlhfhuman_correct = [0.48, 0.66, 0.64, 0.78, 0.84, 0.9, 0.96, 0.9, 0.92]
