comparisons = ['train_1', 'train_3', 'train_5', 'train_10', 'train_15', 'train_20', 'train_30', 'train_50', 'train_100']
rlhf_probs = [0.6146378726870926, 0.8868284424146017, 0.40487156049520884, 0.873581881876345, 0.877270026339425, 0.9974360024487531, 0.998902643168414, 0.994462150114554, 0.9927267034848531]
rlhf_correct = [0.56, 0.66, 0.44, 0.68, 0.62, 0.74, 0.72, 0.86, 0.88]
featureprefs_probs = [0.4645965902686671, 0.9873286706429941, 0.43917543483121335, 0.9945546432777688, 0.9999798712907014, 1.0, 1.0, 1.0, 1.0]
featureprefs_correct = [0.48, 0.56, 0.4, 0.72, 0.82, 0.84, 0.88, 0.86, 0.86]
featureprefshuman_probs = [0.4558505951254456, 1.0, 1.0, 1.0, 1.0, 1.0, 1.0, 1.0, 1.0]
featureprefshuman_correct = [0.58, 0.68, 0.76, 0.82, 0.86, 0.88, 0.88, 0.82, 0.88]
