comparisons = ['train_1', 'train_3', 'train_5', 'train_10', 'train_15', 'train_20', 'train_30', 'train_50', 'train_100']
rlhf_probs = [0.7601594924926758, 0.7914900084336599, 0.9133029094448796, 0.9504482481214735, 0.41306766853840265, 0.9372515744633145, 0.9996883758792171, 0.996572905116611, 0.9987739876464561]
rlhf_correct = [0.7, 0.54, 0.68, 0.78, 0.6, 0.78, 0.86, 0.88, 0.96]
featureprefs_probs = [0.29180039189479967, 0.23761873499110894, 0.4562436974158994, 0.18664801507084458, 0.7599038945304023, 0.6711159966610096, 0.4838687280813853, 0.4136724008454217, 0.28246503406100804]
featureprefs_correct = [0.44, 0.34, 0.5, 0.24, 0.74, 0.56, 0.48, 0.38, 0.44]
featureprefshuman_probs = [0.8311157204486705, 0.3117414249314202, 0.026989645635088284, 0.6995772255791558, 0.05361060039312751, 0.9990297887060378, 0.9849088589350382, 0.0019594597009321055, 0.09163635831188273]
featureprefshuman_correct = [0.58, 0.4, 0.32, 0.58, 0.06, 0.84, 0.64, 0.32, 0.44]
