comparisons = ['train_1', 'train_3', 'train_5', 'train_10', 'train_15', 'train_20', 'train_30', 'train_50', 'train_100']
rlhf_probs = [0.630171396114208, 0.7291784948772855, 0.9287222734204045, 0.9376942758206968, 0.4093702556910338, 0.9145175991234956, 0.9991383662930241, 0.9946455491913689, 0.997543732325236]
rlhf_correct = [0.72, 0.56, 0.72, 0.7, 0.6, 0.8, 0.86, 0.86, 0.96]
featureprefs_probs = [0.7584483104723471, 0.7323872310419878, 0.8411272233696999, 0.9990200908095749, 0.9999995099173652, 1.0, 1.0, 1.0, 1.0]
featureprefs_correct = [0.7, 0.6, 0.7, 0.9, 0.86, 0.92, 0.96, 0.96, 0.96]
featureprefshuman_probs = [0.9996232368327953, 0.9999833725116871, 1.0, 1.0, 1.0, 1.0, 1.0, 1.0, 1.0]
featureprefshuman_correct = [0.72, 0.66, 0.76, 0.9, 0.86, 0.84, 0.86, 0.84, 0.94]
