comparisons = ['train_1', 'train_3', 'train_5', 'train_10', 'train_15', 'train_20', 'train_30', 'train_50', 'train_100']
rlhf_probs = [0.6261557329584051, 0.36481415163035746, 0.7573200662930807, 0.9124470927097179, 0.9578071435292562, 0.9984901812341478, 0.9902659146874039, 0.9989033429710953, 0.9983612365192838]
rlhf_correct = [0.6, 0.46, 0.72, 0.7, 0.66, 0.88, 0.74, 0.86, 0.94]
featureprefs_probs = [0.8966850616313793, 0.7434876862637423, 0.9999838449336864, 0.9999954877076326, 0.9999975275110315, 1.0, 1.0, 1.0, 1.0]
featureprefs_correct = [0.56, 0.52, 0.64, 0.94, 0.86, 0.84, 0.84, 0.84, 0.9]
featureprefshuman_probs = [0.9999893329761647, 1.0, 1.0, 1.0, 1.0, 1.0, 1.0, 1.0, 1.0]
featureprefshuman_correct = [0.7, 0.66, 0.66, 0.9, 0.88, 0.9, 0.9, 0.88, 0.9]
rlhfhuman_probs = [0.958991856486709, 0.4710758265659765, 0.9883611665831672, 0.9999013322371023, 0.9999878693509985, 1.0, 1.0, 1.0, 1.0]
rlhfhuman_correct = [0.64, 0.66, 0.72, 0.8, 0.8, 0.88, 0.9, 0.84, 0.9]
