comparisons = ['train_1', 'train_3', 'train_5', 'train_10', 'train_15', 'train_20', 'train_30', 'train_50', 'train_100']
rlhf_probs = [0.5221113838531353, 0.9293035401238335, 0.6543126084186413, 0.929196075156883, 0.9670241364726314, 0.9870233447463425, 0.9985712987405283, 0.9956796367963155, 0.9980251590410868]
rlhf_correct = [0.54, 0.7, 0.74, 0.66, 0.62, 0.8, 0.86, 0.92, 0.9]
featureprefs_probs = [0.459415002691525, 0.9800589680671692, 0.9999583341457225, 0.9953985170081809, 0.999995196307147, 0.9999995761447482, 1.0, 1.0, 1.0]
featureprefs_correct = [0.38, 0.64, 0.78, 0.84, 0.9, 0.74, 0.9, 0.96, 0.94]
featureprefshuman_probs = [0.39974175448770877, 0.9999999867545234, 1.0, 1.0, 1.0, 1.0, 1.0, 1.0, 1.0]
featureprefshuman_correct = [0.56, 0.74, 0.84, 0.9, 0.92, 0.9, 0.82, 0.88, 0.9]
