comparisons = ['train_1', 'train_3', 'train_5', 'train_10', 'train_15', 'train_20', 'train_30', 'train_50', 'train_100']
rlhf_probs = [0.5198729744663945, 0.9009515687271401, 0.6165800475411944, 0.907833872018037, 0.959498440777814, 0.9863334474740205, 0.997939235634274, 0.9978810570858143, 0.9986185166570876]
rlhf_correct = [0.5, 0.78, 0.72, 0.7, 0.62, 0.8, 0.86, 0.92, 0.9]
featureprefs_probs = [0.5744668355694523, 0.6396828635975167, 0.08197323177699689, 0.453722201011799, 0.11547345088587867, 0.5502361920144823, 0.6296063617423728, 0.09101995329062144, 0.4980687101682027]
featureprefs_correct = [0.64, 0.66, 0.18, 0.66, 0.16, 0.66, 0.46, 0.18, 0.62]
featureprefshuman_probs = [0.49895896514256793, 0.19811716013484532, 0.15497780729223182, 0.5810596700067874, 0.8540502654181586, 2.5764512732469786e-05, 3.081358867078692e-05, 0.9690819956638195, 0.06071905488217318]
featureprefshuman_correct = [0.36, 0.24, 0.38, 0.44, 0.58, 0.06, 0.24, 0.7, 0.44]
