comparisons = ['train_1', 'train_3', 'train_5', 'train_10']
rlhf_probs = [0.6448680922985077, 0.9616234059333801, 0.9230385961532592, 0.862799042224884]
rlhf_correct = [0.84, 0.74, 0.6, 0.62]
featureprefshuman_probs = [1.0, 1.0, 1.0, 1.0]
featureprefshuman_correct = [0.56, 0.56, 0.56, 0.54]
featureprefsgt_probs = [1.0, 1.0, 1.0, 1.0]
featureprefsgt_correct = [0.74, 0.56, 0.6, 0.68]
