comparisons = ['train_1', 'train_3', 'train_5', 'train_10', 'train_15', 'train_20', 'train_30', 'train_50', 'train_100']
rlhf_probs = [0.6990342241991695, 0.6702121459407571, 0.6458887765184045, 0.7864747037766157, 0.7566664718214131, 0.8112952845140433, 0.950784221475507, 0.8902510961387383, 0.9019211491439568]
rlhf_correct = [0.46, 0.58, 0.56, 0.56, 0.6, 0.76, 0.72, 0.82, 0.84]
featureprefs_probs = [0.616633031731893, 0.8337087161195131, 0.6470534078147754, 0.9072016152580089, 0.9150505746588294, 0.9877098506860772, 0.9995521952095345, 0.9999999901885358, 0.9999735340660001]
featureprefs_correct = [0.56, 0.48, 0.6, 0.86, 0.72, 0.84, 0.76, 0.86, 0.82]
featureprefshuman_probs = [0.9999963236443791, 0.8161211049806043, 0.8900430221983099, 0.9999999877356698, 1.0, 1.0, 1.0, 1.0, 1.0]
featureprefshuman_correct = [0.58, 0.68, 0.74, 0.88, 0.78, 0.9, 0.84, 0.86, 0.88]
