comparisons = ['train_1', 'train_3', 'train_5', 'train_10', 'train_15', 'train_20', 'train_30', 'train_50', 'train_100']
rlhf_probs = [0.5965120786256751, 0.6077701636425261, 0.7480394662867603, 0.6583667168884304, 0.6458077571151678, 0.5997344943763757, 0.7963176433288266, 0.833070844227885, 0.8993379444251826]
rlhf_correct = [0.52, 0.54, 0.6, 0.58, 0.6, 0.62, 0.78, 0.78, 0.86]
featureprefs_probs = [0.3521424257081508, 0.4052644785253596, 0.6988436164872898, 0.9948814263559663, 0.717090075927568, 0.9786278082387437, 0.9999998959984799, 0.9999999494709596, 0.9981950450336001]
featureprefs_correct = [0.42, 0.54, 0.76, 0.76, 0.84, 0.76, 0.92, 0.88, 0.88]
featureprefshuman_probs = [0.999923345238093, 0.9999993038766178, 0.824000073843304, 1.0, 1.0, 0.11831956310580971, 1.0, 1.0, 1.0]
featureprefshuman_correct = [0.68, 0.72, 0.82, 0.96, 0.92, 0.82, 0.92, 0.9, 0.94]
