comparisons = ['train_1', 'train_3', 'train_5', 'train_10', 'train_15', 'train_20', 'train_30', 'train_50', 'train_100']
rlhf_probs = [0.6458887747937331, 0.7864747017530012, 0.7566664653213181, 0.8112952859895955, 0.9507842197585008, 0.8902510914782928, 0.901921153313829]
rlhf_correct = [0.56, 0.56, 0.6, 0.76, 0.72, 0.82, 0.84]
featureprefs_probs = [0.6166330246185815, 0.8337087049129813, 0.6470533996904259, 0.9072015994370229, 0.9150505655832252, 0.9877098528936566, 0.9995521966812542, 0.9999999901885358, 0.9999735340660001]
featureprefs_correct = [0.56, 0.48, 0.6, 0.86, 0.72, 0.84, 0.76, 0.86, 0.82]
featureprefshuman_probs = [0.9999963236443791, 0.8161211329816032, 0.8900430224455127, 0.9999999877356698, 1.0, 1.0, 1.0, 1.0, 1.0]
featureprefshuman_correct = [0.58, 0.68, 0.74, 0.88, 0.78, 0.9, 0.84, 0.86, 0.88]
