comparisons = ['train_1', 'train_3', 'train_5', 'train_10', 'train_15', 'train_20', 'train_30', 'train_50', 'train_100']
rlhf_probs = [0.7026362946494616, 0.6914048025024281, 0.6638888972562281, 0.7939723139253173, 0.7232834094284494, 0.8499844456896369, 0.829355553083827, 0.9375954704520143, 0.9403203142032702]
rlhf_correct = [0.62, 0.58, 0.58, 0.56, 0.56, 0.7, 0.68, 0.78, 0.84]
featureprefs_probs = [0.7640153964053947, 0.7533559959817537, 0.5354284764997616, 0.7496121479485782, 0.9993862119721778, 0.9999208452770249, 0.9374620948186136, 0.9999923485296743, 0.9999829599396192]
featureprefs_correct = [0.58, 0.62, 0.68, 0.7, 0.86, 0.94, 0.88, 0.92, 0.82]
featureprefshuman_probs = [0.9999935268865201, 0.9999998493940251, 0.8833162129354575, 0.8882004041514336, 1.0, 1.0, 1.0, 1.0, 1.0]
featureprefshuman_correct = [0.66, 0.66, 0.74, 0.68, 0.86, 0.88, 0.88, 0.84, 0.92]
rlhfhuman_probs = [0.7915742563949936, 0.8055938162108875, 0.8489028124345673, 0.8855803828344416, 0.9783981005841322, 0.9998573739342238, 0.9999999470180936, 0.9999984973742638, 0.9999813022927492]
rlhfhuman_correct = [0.58, 0.66, 0.62, 0.62, 0.8, 0.86, 0.82, 0.86, 0.86]
