comparisons = ['train_1', 'train_3', 'train_5', 'train_10', 'train_15', 'train_20', 'train_30', 'train_50', 'train_100']
rlhf_probs = [0.7232680102434669, 0.6750115945383355, 0.6937206743913606, 0.7067228092930813, 0.7314282647974084, 0.8556704759797074, 0.8930805470227214, 0.9118944342734883, 0.9247403843903247]
rlhf_correct = [0.42, 0.64, 0.54, 0.54, 0.58, 0.74, 0.7, 0.8, 0.84]
featureprefs_probs = [0.5941448325728192, 0.510564932423364, 0.5198448272153674, 0.7051584173622445, 0.36229035252160985, 0.21471998402120646, 0.2389978383794243, 0.8975449064631521, 0.7149858440391321]
featureprefs_correct = [0.6, 0.54, 0.58, 0.72, 0.24, 0.24, 0.14, 0.8, 0.84]
featureprefshuman_probs = [0.5071063956606044, 0.07435971001784007, 0.4012630529119154, 0.06556795051497687, 0.006567512569880044, 0.40543032256664074, 0.006495084690213694, 0.9937402152230219, 0.0077248987638288075]
featureprefshuman_correct = [0.52, 0.46, 0.5, 0.18, 0.2, 0.2, 0.2, 0.78, 0.14]
