comparisons = ['train_1', 'train_3', 'train_5', 'train_10', 'train_15', 'train_20', 'train_30', 'train_50', 'train_100']
rlhf_probs = [0.6943750919873822, 0.6626053430722574, 0.5957762422998256, 0.8243481653278747, 0.7232834094284494, 0.8499844456896369, 0.829355553083827, 0.9375954704520143, 0.9403203142032702]
rlhf_correct = [0.56, 0.6, 0.66, 0.6, 0.66, 0.64, 0.68, 0.88, 0.84]
featureprefs_probs = [0.7640153964053947, 0.7533559959817537, 0.5354284764997616, 0.7496121479485782, 0.9993862119721778, 0.9999208452770249, 0.9374620948186136, 0.9999923485296743, 0.9999829599396192]
featureprefs_correct = [0.58, 0.62, 0.68, 0.7, 0.86, 0.94, 0.88, 0.92, 0.82]
featureprefshuman_probs = [0.9999963717205534, 0.9999988530398396, 0.9844717501122274, 0.94718555818836, 0.9999988253224533, 1.0, 1.0, 1.0, 1.0]
featureprefshuman_correct = [0.64, 0.84, 0.74, 0.8, 0.98, 0.96, 0.84, 0.94, 0.9]
rlhfhuman_probs = [0.7915742563949936, 0.8055938162108875, 0.8489028124345673, 0.8855803828344416, 0.9783981005841322, 0.9998573739342238, 0.9999999470180936, 0.9999984973742638, 0.9999813022927492]
rlhfhuman_correct = [0.66, 0.7, 0.7, 0.72, 0.76, 0.9, 0.92, 0.94, 0.84]
