comparisons = ['train_1', 'train_3', 'train_5', 'train_10']
rlhf_probs = [0.8421586960554123, 0.5338420875370502, 0.9918406665325165, 0.9760321706533432]
rlhf_correct = [0.58, 0.58, 0.64, 0.74]
featureprefshuman_probs = [1.0, 1.0, 1.0, 1.0]
featureprefshuman_correct = [0.74, 0.36, 0.7, 0.32]
featureprefsgt_probs = [5.479310563034131e-07, 1.0, 1.0, 1.0]
featureprefsgt_correct = [0.44, 0.56, 0.56, 0.56]
