comparisons = ['train_1', 'train_3', 'train_5', 'train_10']
rlhf_probs = [0.5547624891996383, 0.4122932910919189, 0.9055162990093231, 0.9795898044109345]
rlhf_correct = [0.7, 0.6, 0.82, 0.7]
featureprefs_probs = [0.7084477031230927, 0.6489840071741492, 0.9999846458435059, 0.9999999403953552]
featureprefs_correct = [0.76, 0.56, 0.84, 0.74]
featureprefshuman_probs = [0.8766904824972153, 1.1815732575692906e-09, 1.0, 1.0]
featureprefshuman_correct = [0.66, 0.52, 0.84, 0.68]
