comparisons = ['train_1', 'train_3', 'train_5', 'train_10']
rlhf_probs = [0.5916073301434517, 0.9403811120986938, 0.964442001581192, 0.9090234529972077]
featureprefs_probs = [0.01349429729170879, 0.9999994397163391, 0.9999990797042847, 1.0]
featureprefshuman_probs = [0.19420947532558586, 1.0, 1.0, 1.0]
