comparisons = ['train_1', 'train_3', 'train_5', 'train_10']
rlhf_probs = [0.7706297278404236, 0.9527918457984924, 0.39468769133090975, 0.7042974650859832]
featureprefs_probs = [0.9991943299770355, 0.9972340106964112, 0.9969431161880493, 0.9993992269039154]
featureprefshuman_probs = [1.0, 1.0, 0.9999999523162841, 1.0]
