comparisons = ['train_1', 'train_3', 'train_5', 'train_10']
rlhf_probs = [0.6333515167236328, 0.7186450064182281, 0.8879231870174408, 0.24755009822547436]
rlhf_correct = [0.52, 0.74, 0.78, 0.64]
featureprefs_probs = [0.9998717784881592, 0.4302500900870655, 0.9999964714050293, 0.9816105306148529]
featureprefs_correct = [0.64, 0.6, 0.72, 0.82]
featureprefshuman_probs = [1.0, 1.0, 1.0, 0.9999931931495667]
featureprefshuman_correct = [0.6, 0.76, 0.7, 0.72]
