comparisons = ['train_1', 'train_3', 'train_5', 'train_10']
rlhf_probs = [0.606252110004425, 0.77223741710186, 0.8677166044712067, 0.23007709085941314]
rlhf_correct = [0.58, 0.66, 0.76, 0.62]
featureprefshuman_probs = [0.9999821066856385, 1.0, 1.0, 1.0]
featureprefshuman_correct = [0.48, 0.74, 0.94, 0.84]
