comparisons = ['train_1', 'train_3', 'train_5', 'train_10']
rlhf_probs = [0.5457451224327088, 0.5200557440519333, 0.9229156196117401, 0.7789238512516021]
rlhf_correct = [0.54, 0.78, 0.82, 0.86]
featureprefs_probs = [0.8574815511703491, 0.19741662773303686, 0.9993360698223114, 0.9999330282211304]
featureprefs_correct = [0.5, 0.7, 0.82, 0.82]
featureprefshuman_probs = [0.6916447848081588, 0.9999598622322082, 1.0, 1.0]
featureprefshuman_correct = [0.5, 0.84, 0.78, 0.86]
