comparisons = ['train_1', 'train_3', 'train_5', 'train_10']
rlhf_probs = [0.5108652107417583, 0.8928303269545238, 0.9295660348733267, 0.8855392116308213]
rlhf_probs_err = [0.10450777583691459, 0.02613734895134913, 0.03835712875037837, 0.048526324401977315]
featureprefs_probs = [0.35549242899678574, 0.8806910784045856, 0.9978702302773793, 0.9902952897548675]
featureprefs_probs_err = [0.1710769402282688, 0.1193036585361773, 0.0019261527909784503, 0.0091675535295576]
featureprefshuman_probs = [0.39806979988033486, 1.0, 1.0, 1.0]
featureprefshuman_probs_err = [0.30614225076470414, 0.0, 0.0, 0.0]
