comparisons = ['train_1', 'train_3', 'train_5', 'train_10']
rlhf_probs = [0.5424877305825552, 0.8398386240005493, 0.8811582922935486, 0.9053987860679626]
rlhf_probs_err = [0.1667843689016458, 0.054930232367352685, 0.0873640733852367, 0.056851887233231875]
rlhf_correct = [0.5, 0.6533333333333333, 0.7200000000000001, 0.7266666666666667]
rlhf_cor_err = [0.052915026221291815, 0.037118429085533484, 0.07023769168568492, 0.06359594676112973]
featureprefshuman_probs = [0.7463597456614176, 0.9993592699368795, 0.999764601389567, 0.9989820917447408]
featureprefshuman_probs_err = [0.11751398826185844, 0.0006350753427882577, 0.00022946192877223529, 0.0008937398662062933]
featureprefshuman_correct = [0.5866666666666667, 0.64, 0.7799999999999999, 0.6533333333333333]
featureprefshuman_cor_err = [0.06359594676112972, 0.030550504633038926, 0.0901849950564579, 0.05456901847914968]
