comparisons = ['train_1', 'train_3', 'train_5', 'train_10']
rlhf_probs = [0.8230216443538666, 0.66189985871315, 0.8636816382408142, 0.5586070343852043]
featureprefs_probs = [0.9983150243759156, 0.9995775520801544, 0.9999980092048645, 0.9495322644710541]
featureprefshuman_probs = [0.9999997615814209, 1.0, 1.0, 1.0]
