comparisons = ['train_1', 'train_3', 'train_5', 'train_10']
rlhf_probs = [0.34857248663902285, 0.2868260554969311, 0.5547102242708206, 0.8301260948181153]
rlhf_correct = [0.62, 0.6, 0.8, 0.74]
featureprefs_probs = [0.0001395559433149174, 0.21484180428087712, 0.9901203572750091, 0.9995159685611725]
featureprefs_correct = [0.42, 0.56, 0.82, 0.94]
featureprefshuman_probs = [6.861080805720121e-07, 0.977821695804596, 1.0, 1.0]
featureprefshuman_correct = [0.52, 0.66, 0.66, 0.84]
