comparisons = ['train_1', 'train_3', 'train_5', 'train_10']
rlhf_probs = [0.5923212110996247, 0.20106240808963777, 0.822953748703003, 0.6091029822826386]
rlhf_correct = [0.54, 0.7, 0.7, 0.72]
featureprefs_probs = [0.28544319653883576, 0.13176623592153192, 0.4777959779836237, 0.9996215879917145]
featureprefs_correct = [0.46, 0.7, 0.82, 0.82]
featureprefshuman_probs = [1.0, 3.3921718340934603e-06, 1.0, 1.0]
featureprefshuman_correct = [0.58, 0.6, 0.74, 0.84]
