comparisons = ['train_1', 'train_3', 'train_5', 'train_10', 'train_15', 'train_20', 'train_30', 'train_50', 'train_100']
rlhf_probs = [0.6635024301677084, 0.7501238326354281, 0.5472555848053147, 0.6730413285118563, 0.6854765604368944, 0.709019425785008, 0.6618706013532087, 0.7615348196324007, 0.899253002655359]
rlhf_correct = [0.54, 0.64, 0.48, 0.62, 0.66, 0.68, 0.6, 0.72, 0.84]
featureprefs_probs = [0.3964090919186296, 0.7772072445325278, 0.5856247777756786, 0.9952394744005714, 0.9262697290123245, 0.9655652381019828, 0.9999999651693022, 0.9997034296086786, 0.9999213741149431]
featureprefs_correct = [0.48, 0.78, 0.46, 0.86, 0.84, 0.82, 0.94, 0.88, 0.92]
featureprefshuman_probs = [0.9999979111392803, 0.9999760212721648, 0.7260658646093642, 0.7570884874861384, 1.0, 1.0, 1.0, 1.0, 1.0]
featureprefshuman_correct = [0.54, 0.7, 0.72, 0.78, 0.92, 0.9, 0.86, 0.86, 0.96]
rlhfhuman_probs = [0.7386258828104952, 0.7180902431752465, 0.5598374789715796, 0.9941897166609274, 0.9998779220836153, 0.9999874560430707, 0.999999747845371, 0.9999981637844824, 0.9999752422419105]
rlhfhuman_correct = [0.58, 0.64, 0.54, 0.84, 0.84, 0.86, 0.94, 0.86, 0.88]
