comparisons = ['train_1', 'train_3', 'train_5', 'train_10', 'train_15', 'train_20', 'train_30', 'train_50', 'train_100']
rlhf_probs = [0.6689332545784766, 0.5750083702888509, 0.6229332519135603, 0.6659175448058319, 0.6854765604368944, 0.709019425785008, 0.6618706013532087, 0.7615348196324007, 0.899253002655359]
rlhf_correct = [0.66, 0.7, 0.52, 0.74, 0.7, 0.72, 0.6, 0.8, 0.92]
featureprefs_probs = [0.3964090919186296, 0.7772072445325278, 0.5856247777756786, 0.9952394744005714, 0.9262697290123245, 0.9655652381019828, 0.9999999651693022, 0.9997034296086786, 0.9999213741149431]
featureprefs_correct = [0.48, 0.78, 0.46, 0.86, 0.84, 0.82, 0.94, 0.88, 0.92]
featureprefshuman_probs = [0.9997020013047835, 1.0, 0.7175377966624004, 0.9999999995094268, 1.0, 1.0, 1.0, 1.0, 1.0]
featureprefshuman_correct = [0.9, 0.9, 0.56, 0.9, 0.82, 0.92, 0.94, 0.84, 0.98]
rlhfhuman_probs = [0.7386258828104952, 0.7180902431752465, 0.5598374789715796, 0.9941897166609274, 0.9998779220836153, 0.9999874560430707, 0.999999747845371, 0.9999981637844824, 0.9999752422419105]
rlhfhuman_correct = [0.62, 0.7, 0.58, 0.88, 0.86, 0.9, 0.88, 0.92, 0.92]
