comparisons = ['train_1', 'train_3', 'train_5', 'train_10', 'train_15', 'train_20', 'train_30', 'train_50', 'train_100']
rlhf_probs = [0.5589515542297206, 0.534709259453747, 0.5673865653773762, 0.586723086703952, 0.5230946370166699, 0.9008292742840056, 0.9265916272691248, 0.815265435372851, 0.8827621998119747]
rlhf_correct = [0.46, 0.56, 0.68, 0.6, 0.58, 0.66, 0.78, 0.76, 0.84]
featureprefs_probs = [0.4423290308212302, 0.8346726841455203, 0.8097126255666554, 0.9670503577945654, 0.9796388930499308, 0.9882492180223819, 0.9999999877356698, 0.999994553901531, 0.9999838684812005]
featureprefs_correct = [0.5, 0.82, 0.62, 0.64, 0.82, 0.84, 0.94, 0.8, 0.9]
featureprefshuman_probs = [0.3711662122686566, 1.0, 0.9527903970639645, 0.9999672711631398, 1.0, 1.0, 1.0, 1.0, 1.0]
featureprefshuman_correct = [0.48, 0.88, 0.68, 0.78, 0.88, 0.94, 0.88, 0.84, 0.88]
