comparisons = ['train_1', 'train_3', 'train_5', 'train_10', 'train_15', 'train_20', 'train_30', 'train_50', 'train_100']
rlhf_probs = [0.5198831055083393, 0.6093256798239401, 0.7301417566421959, 0.6541702897583016, 0.4865166265594125, 0.8945458198403134, 0.9360868844966339, 0.8230833588436307, 0.8967288148746569]
rlhf_correct = [0.52, 0.46, 0.66, 0.62, 0.6, 0.64, 0.78, 0.76, 0.84]
featureprefs_probs = [0.36241790989544165, 0.535656181075936, 0.323891804112819, 0.6027990282501703, 0.26912156575255924, 0.23681982238719493, 0.6334836605645011, 0.42857762754208756, 0.6543226381878794]
featureprefs_correct = [0.5, 0.5, 0.48, 0.58, 0.22, 0.16, 0.78, 0.16, 0.84]
featureprefshuman_probs = [0.5274053673440047, 0.0018723895287030058, 0.43217095119472393, 0.895013506029859, 0.9974636935893401, 0.006212917394138903, 0.9663911542774718, 0.13514634976048528, 0.8200649854577617]
featureprefshuman_correct = [0.46, 0.24, 0.46, 0.78, 0.8, 0.12, 0.8, 0.14, 0.84]
