comparisons = ['train_1', 'train_3', 'train_5', 'train_10', 'train_15', 'train_20', 'train_30', 'train_50', 'train_100']
rlhf_probs = [0.584605784941112, 0.6176973219363042, 0.6969287261642791, 0.5391180580903473, 0.6012180498628704, 0.7685533383968497, 0.9145785225516975, 0.878718043183103, 0.849255151954698]
rlhf_correct = [0.58, 0.52, 0.7, 0.76, 0.64, 0.66, 0.94, 0.8, 0.82]
featureprefs_probs = [0.7248157954816956, 0.7908907984095959, 0.798561619726918, 0.8536382747498827, 0.9642490913838516, 0.9730947319372201, 0.9999997341093213, 0.9999816427505556, 0.9999408187199031]
featureprefs_correct = [0.6, 0.58, 0.8, 0.84, 0.82, 0.82, 0.94, 0.86, 0.82]
featureprefshuman_probs = [0.9999813356517274, 0.9541279036660734, 1.0, 1.0, 1.0, 1.0, 1.0, 1.0, 1.0]
featureprefshuman_correct = [0.7, 0.82, 0.88, 0.92, 0.86, 0.96, 0.92, 0.9, 0.9]
