comparisons = ['train_1', 'train_3', 'train_5', 'train_10', 'train_15', 'train_20', 'train_30', 'train_50', 'train_100']
rlhf_probs = [0.5673865649519573, 0.5867230777816518, 0.5230946373232782, 0.9008292753877953, 0.9265916318069269, 0.8152654361087108, 0.8827622010384077]
rlhf_correct = [0.68, 0.6, 0.58, 0.66, 0.78, 0.76, 0.84]
featureprefs_probs = [0.4423290304667144, 0.8346726858055166, 0.8097126305797003, 0.9670503557556205, 0.979638888634772, 0.9882492118902167, 0.9999999877356698, 0.999994553901531, 0.9999838684812005]
featureprefs_correct = [0.5, 0.82, 0.62, 0.64, 0.82, 0.84, 0.94, 0.8, 0.9]
featureprefshuman_probs = [0.37116622335302407, 1.0, 0.9527903985242246, 0.9999672711631398, 1.0, 1.0, 1.0, 1.0, 1.0]
featureprefshuman_correct = [0.48, 0.88, 0.68, 0.78, 0.88, 0.94, 0.88, 0.84, 0.88]
