comparisons = ['train_1', 'train_3', 'train_5', 'train_10', 'train_15', 'train_20', 'train_30', 'train_50', 'train_100']
rlhf_probs = [0.38239435057458565, 0.5424830229653989, 0.7385157561964459, 0.7496146616744407, 0.6473282466608065, 0.5816724913562705, 0.9277534579298624, 0.8919686801394318, 0.8765669916392353]
rlhf_correct = [0.54, 0.56, 0.6, 0.6, 0.6, 0.68, 0.74, 0.7, 0.78]
featureprefs_probs = [0.42295963972291445, 0.7095487177536781, 0.8504813110255617, 0.8246820102380626, 0.8857847045524498, 0.9801844859442103, 0.9891666940455575, 0.9946941988458359, 0.9973179131378362]
featureprefs_correct = [0.56, 0.62, 0.64, 0.68, 0.74, 0.74, 0.82, 0.72, 0.76]
featureprefshuman_probs = [0.6463051351197014, 0.9999998528280376, 0.9913787135371456, 1.0, 1.0, 1.0, 1.0, 1.0, 1.0]
featureprefshuman_correct = [0.56, 0.78, 0.7, 0.8, 0.82, 0.76, 0.86, 0.86, 0.84]
