comparisons = ['train_1', 'train_3', 'train_5', 'train_10', 'train_15', 'train_20', 'train_30', 'train_50', 'train_100']
rlhf_probs = [0.5424830274112186, 0.738515751965252, 0.7496146633301253, 0.6473282459556076, 0.5816724892828322, 0.9277534590336521, 0.8919686789129987, 0.876566991884522]
rlhf_correct = [0.56, 0.6, 0.6, 0.6, 0.68, 0.74, 0.7, 0.78]
featureprefs_probs = [0.4229596386746975, 0.7095487178111671, 0.8504813146588696, 0.8246820092569163, 0.8857846992826204, 0.9801844844724906, 0.9891667026305886, 0.9946941993364091, 0.997317912647263]
featureprefs_correct = [0.56, 0.62, 0.64, 0.68, 0.74, 0.74, 0.82, 0.72, 0.76]
featureprefshuman_probs = [0.6463051453588003, 0.9999998528280376, 0.9913787094899166, 1.0, 1.0, 1.0, 1.0, 1.0, 1.0]
featureprefshuman_correct = [0.56, 0.78, 0.7, 0.8, 0.82, 0.76, 0.86, 0.86, 0.84]
