comparisons = ['train_1', 'train_3', 'train_5', 'train_10', 'train_15', 'train_20', 'train_30', 'train_50', 'train_100']
rlhf_probs = [0.5858183707352038, 0.4488999151122668, 0.5189380911657963, 0.6303223245374766, 0.6902576606306765, 0.7909421135207692, 0.8852396817195686, 0.8353698832201369, 0.9211417034329701]
rlhf_correct = [0.64, 0.64, 0.62, 0.66, 0.72, 0.7, 0.84, 0.66, 0.82]
featureprefs_probs = [0.887212113097862, 0.7325573107390568, 0.9358781287638248, 0.8791426953710155, 0.9989028317938126, 0.9953358016386935, 0.9999983212584821, 0.7812648420720342, 0.9349189937850575]
featureprefs_correct = [0.76, 0.52, 0.78, 0.82, 0.8, 0.8, 0.8, 0.74, 0.84]
featureprefshuman_probs = [0.9999207851818069, 0.9878063100110356, 1.0, 1.0, 1.0, 1.0, 1.0, 1.0, 1.0]
featureprefshuman_correct = [0.8, 0.74, 0.8, 0.82, 0.86, 0.92, 0.84, 0.82, 0.88]
rlhfhuman_probs = [0.7114897818561383, 0.5607371967264542, 0.9228056687018509, 0.9965411225954691, 0.9988703065448337, 0.9951201813456453, 0.9999999421123614, 0.9999975265298852, 0.9999742174344789]
rlhfhuman_correct = [0.7, 0.64, 0.74, 0.8, 0.82, 0.78, 0.86, 0.78, 0.82]
