comparisons = ['train_1', 'train_3', 'train_5', 'train_10']
rlhf_probs = [0.24650539055466653, 0.8597725141048431, 0.6231520414352417, 0.6598091316223145]
rlhf_correct = [0.68, 0.76, 0.68, 0.52]
featureprefs_probs = [0.0013016136980149894, 0.9973130559921265, 0.9357305932044983, 0.9708951163291931]
featureprefs_correct = [0.62, 0.72, 0.74, 0.7]
featureprefshuman_probs = [1.1985109986767384e-06, 0.9796153783798218, 0.9999999046325684, 0.002436552074505016]
featureprefshuman_correct = [0.62, 0.76, 0.74, 0.64]
