comparisons = ['train_1', 'train_3', 'train_5', 'train_10']
rlhf_probs = [0.6617813438177109, 0.2150273695588112, 0.8622560739517212, 0.3700053906440735]
featureprefs_probs = [0.5464521934092045, 0.07107711248361738, 0.8423793226480484, 0.26973542538071343]
featureprefshuman_probs = [0.9996248352527618, 1.4854220535198692e-05, 0.9999772262573242, 1.0]
