comparisons = ['train_1', 'train_3', 'train_5', 'train_10']
rlhf_probs = [0.7756266593933105, 0.890148401260376, 0.9730658531188965, 0.9983179569244385]
rlhf_correct = [0.7, 0.7, 0.66, 0.86]
featureprefshuman_probs = [0.9272052645683289, 0.9673055410385132, 0.9991888403892517, 1.0]
featureprefshuman_correct = [0.62, 0.54, 0.72, 0.92]
