comparisons = ['train_1', 'train_3', 'train_5', 'train_10']
rlhf_probs = [0.4638035672903061, 0.7907412219047546, 0.4964970099925995, 0.8859356987476349]
rlhf_correct = [0.64, 0.76, 0.72, 0.74]
featureprefshuman_probs = [8.717046776607713e-18, 5.60110137457276e-18, 1.0, 1.0]
featureprefshuman_correct = [0.5, 0.56, 0.68, 0.66]
featureprefsgt_probs = [1.3475704637355783e-15, 0.9999998569488525, 1.0, 1.0]
featureprefsgt_correct = [0.48, 0.66, 0.78, 0.7]
