comparisons = ['train_1', 'train_3', 'train_5', 'train_10', 'train_15', 'train_20', 'train_30', 'train_50', 'train_100']
rlhf_probs = [0.6579660298647704, 0.8518084839538291, 0.901186450763985, 0.7071706067632746, 0.752844719975083, 0.9804966582192315, 0.9997405718874048, 0.9968861805068122, 0.998158006756394]
rlhf_correct = [0.62, 0.56, 0.62, 0.74, 0.78, 0.78, 0.8, 0.96, 0.96]
featureprefs_probs = [0.9370608550530893, 0.8630840863894533, 0.538579524529201, 0.9993269907103645, 0.9999986975281326, 1.0, 1.0, 1.0, 1.0]
featureprefs_correct = [0.64, 0.56, 0.6, 0.8, 0.86, 0.84, 0.86, 0.96, 0.92]
featureprefshuman_probs = [0.822157970181218, 0.9828483484409474, 0.4605437965519909, 0.9998698278709695, 0.9999915582162363, 0.999999894036187, 1.0, 1.0, 1.0]
featureprefshuman_correct = [0.62, 0.6, 0.58, 0.8, 0.86, 0.82, 0.8, 0.96, 0.94]
