comparisons = ['train_1', 'train_20', 'train_30', 'train_3', 'train_50', 'train_5', 'train_100', 'train_10', 'train_15', 'train_20', 'train_30', 'train_50', 'train_100']
rlhf_probs = [0.5588626707041705, 0.9996178150177002, 0.7539025876257155, 0.9967315307369938, 0.7233372772181476, 0.8804939345077232, 0.9977008987356115, 0.9087748858663771, 0.9950922286068952, 0.9996178150177002, 0.9967315307369938, 0.9977008987356115]
rlhf_correct = [0.54, 0.82, 0.74, 0.88, 0.66, 0.54, 0.94, 0.72, 0.8, 0.82, 0.88, 0.94]
featureprefs_probs = [0.5211974681803474, 1.0, 1.0, 0.6982271996913133, 1.0, 0.6366777562932974, 1.0, 0.9013959235615201, 0.9999999558484113, 1.0, 1.0, 1.0, 1.0]
featureprefs_correct = [0.54, 0.86, 0.9, 0.48, 0.9, 0.64, 0.92, 0.74, 0.82, 0.86, 0.9, 0.9, 0.92]
featureprefshuman_probs = [0.3569209774335225, 1.0, 1.0, 1.0, 1.0, 1.0, 1.0, 1.0, 1.0, 1.0, 1.0, 1.0, 1.0]
featureprefshuman_correct = [0.54, 0.84, 0.86, 0.78, 0.84, 0.78, 0.88, 0.82, 0.88, 0.84, 0.86, 0.84, 0.88]
