comparisons = ['train_1', 'train_3', 'train_5', 'train_10', 'train_15', 'train_20', 'train_30', 'train_50', 'train_100']
probs = [0.6247098247210184, 0.5643792400757471, 0.709879614688732, 0.8018664861166919, 0.7707505264767894, 0.9888419376479255, 0.9997992206502844, 0.9980810659903067, 0.9982054476384763]
correct = [0.54, 0.58, 0.64, 0.68, 0.74, 0.8, 0.8, 0.9, 0.96]
probs = [0.547254099338143, 0.5936928080325877, 0.8794747751068186, 0.9999265670776367, 0.9978823198212518, 1.0, 1.0, 1.0, 1.0]
correct = [0.54, 0.52, 0.68, 0.9, 0.94, 0.88, 0.9, 0.98, 0.96]
