comparisons = ['train_1', 'train_3', 'train_5', 'train_10', 'train_15', 'train_20', 'train_30', 'train_50', 'train_100']
probs = [0.6530257827705808, 0.4594520443567523, 0.28180746678952817, 0.9269454942809211, 0.6251388297036842, 0.9746098672902143, 0.9998259544372559, 0.9956326882044474, 0.9985844294230143]
correct = [0.58, 0.6, 0.62, 0.84, 0.7, 0.8, 0.96, 0.94, 0.96]
probs = [0.4279839200209136, 0.328778979540975, 0.5618588643027814, 0.9995158182250129, 0.9997602899869283, 1.0, 1.0, 1.0, 1.0]
correct = [0.5, 0.62, 0.56, 0.88, 0.82, 0.9, 0.88, 0.94, 0.92]
