comparisons = ['train_1', 'train_3', 'train_5', 'train_10', 'train_15', 'train_20', 'train_30', 'train_50', 'train_100']
rlhf_probs = [0.7357910595558308, 0.5536181181669235, 0.2627215044641936, 0.9502302452369973, 0.8648048926282812, 0.9939059107391922, 0.9999653939847593, 0.9958079832571524, 0.9979340985969261]
rlhf_correct = [0.58, 0.58, 0.56, 0.84, 0.74, 0.74, 0.96, 0.94, 0.96]
featureprefs_probs = [0.4759996153276276, 0.5326157395762426, 0.7617671400032662, 0.9999572369787428, 0.9977659207803232, 1.0, 1.0, 1.0, 1.0]
featureprefs_correct = [0.52, 0.7, 0.54, 0.94, 0.84, 0.96, 0.98, 0.94, 0.92]
