comparisons = ['train_1', 'train_3', 'train_5', 'train_10', 'train_15', 'train_20', 'train_30', 'train_50', 'train_100']
rlhf_probs = [0.4770015560918384, 0.7577552409083755, 0.4789947472098801, 0.7267639692182895, 0.8962230505766692, 0.9836169635808026, 0.9960847717744333, 0.9956250146583274, 0.9985488785637749]
rlhf_correct = [0.68, 0.56, 0.4, 0.72, 0.74, 0.72, 0.82, 0.9, 0.96]
featureprefs_probs = [0.597974106669426, 0.9453378264550809, 0.3777878549575083, 0.998521230838917, 0.9999588992860582, 1.0, 1.0, 1.0, 1.0]
featureprefs_correct = [0.6, 0.54, 0.6, 0.8, 0.92, 0.88, 0.86, 0.9, 0.96]
featureprefshuman_probs = [0.03275611194678479, 0.9680312452492891, 0.5626736234407872, 0.9970921829894737, 0.9918956624137031, 0.9999999823393645, 1.0, 1.0, 1.0]
featureprefshuman_correct = [0.54, 0.62, 0.58, 0.78, 0.74, 0.82, 0.84, 0.88, 0.86]
