comparisons = ['train_1', 'train_3', 'train_5', 'train_10', 'train_15', 'train_20', 'train_30', 'train_50', 'train_100']
rlhf_probs = [0.5886814897810971, 0.764387979183668, 0.8316508656666602, 0.9245495634314453, 0.7413153986871978, 0.9624905394919124, 0.9989736293569024, 0.9961884485350715, 0.9978435407450169]
rlhf_correct = [0.5466666666666667, 0.6133333333333333, 0.7333333333333334, 0.7066666666666667, 0.6133333333333333, 0.8000000000000002, 0.8533333333333334, 0.9066666666666666, 0.9333333333333332]
featureprefs_probs = [0.6399179922623767, 0.7986319209477738, 0.9410907773094044, 0.9981393210681868, 0.999998186841423, 0.999999858714916, 1.0, 1.0, 1.0]
featureprefs_correct = [0.5066666666666667, 0.6533333333333333, 0.7200000000000001, 0.8733333333333334, 0.88, 0.8466666666666667, 0.9199999999999999, 0.96, 0.9466666666666667]
featureprefshuman_probs = [0.7997027639253641, 0.8616967530530176, 1.0, 1.0, 1.0, 1.0, 1.0, 1.0, 1.0]
featureprefshuman_correct = [0.6133333333333334, 0.6666666666666666, 0.8066666666666666, 0.9, 0.8866666666666667, 0.86, 0.84, 0.8466666666666667, 0.9]
