comparisons = ['train_1', 'train_3', 'train_5', 'train_10', 'train_15', 'train_20', 'train_30', 'train_50', 'train_100']
rlhf_probs = [0.6760720286840275, 0.7564190254535205, 0.8073383056455188, 0.8676338170045689, 0.7574836121941054, 0.9680888152416842, 0.9991032576855319, 0.9975513330212346, 0.9981886030715188]
rlhf_correct = [0.5466666666666666, 0.6333333333333333, 0.7400000000000001, 0.6999999999999998, 0.6066666666666666, 0.8000000000000002, 0.8533333333333334, 0.9133333333333332, 0.9333333333333332]
featureprefs_probs = [0.5012881299595774, 0.4984919548402598, 0.320780360588321, 0.27243097604792793, 0.46767741864846074, 0.6861221083888301, 0.437644597188926, 0.18971419867909986, 0.4018434871126104]
featureprefs_correct = [0.5333333333333333, 0.48000000000000004, 0.35333333333333333, 0.4266666666666667, 0.43999999999999995, 0.7000000000000001, 0.4466666666666667, 0.21333333333333335, 0.5133333333333333]
featureprefshuman_probs = [0.6333396147798609, 0.19861075599436406, 0.06086385213226702, 0.6292505183337648, 0.5964896088856974, 0.6135082420989847, 0.5706030462172939, 0.5697200213857915, 0.05123623018440457]
featureprefshuman_correct = [0.5133333333333333, 0.36000000000000004, 0.2866666666666667, 0.5, 0.4466666666666666, 0.5, 0.45999999999999996, 0.5066666666666667, 0.3733333333333333]
