comparisons = ['train_1', 'train_3', 'train_5', 'train_10', 'train_15', 'train_20', 'train_30', 'train_50', 'train_100']
rlhf_probs = [0.5859263841016792, 0.6872139419946407, 0.6706124380874781, 0.8613923600426426, 0.8761740970758743, 0.9919838456459987, 0.9959718651241726, 0.9971707455905867, 0.9966529651924416]
rlhf_correct = [0.6, 0.5733333333333334, 0.6133333333333333, 0.6866666666666666, 0.6466666666666666, 0.7933333333333333, 0.7333333333333334, 0.88, 0.8999999999999999]
featureprefs_probs = [0.6284781227716141, 0.9064566115216341, 0.789117973208092, 0.9981833769951338, 0.9999865889549255, 1.0, 1.0, 1.0, 1.0]
featureprefs_correct = [0.56, 0.56, 0.6066666666666666, 0.8399999999999999, 0.84, 0.8533333333333334, 0.8533333333333334, 0.8666666666666667, 0.8933333333333334]
featureprefshuman_probs = [0.712532149604809, 1.0, 1.0, 1.0, 1.0, 1.0, 1.0, 1.0, 1.0]
featureprefshuman_correct = [0.64, 0.7066666666666667, 0.7266666666666666, 0.8333333333333334, 0.84, 0.8866666666666667, 0.8866666666666667, 0.8733333333333334, 0.8933333333333334]
