comparisons = ['train_1', 'train_3', 'train_5', 'train_10']
rlhf_probs = [0.43982469141483305, 0.970009697675705, 0.9834420847892761, 0.10904933378100395]
rlhf_correct = [0.6, 0.76, 0.8, 0.64]
featureprefs_probs = [0.7715288344025611, 0.9999932384490967, 0.9996413683891296, 0.008203938996157376]
featureprefs_correct = [0.7, 0.74, 0.6, 0.66]
featureprefshuman_probs = [4.852981542182277e-05, 1.0, 1.0, 0.9999998879432678]
featureprefshuman_correct = [0.7, 0.74, 0.62, 0.76]
