comparisons = ['train_1', 'train_3', 'train_5', 'train_10']
rlhf_probs = [0.4187071689963341, 0.8997798228263855, 0.475534188747406, 0.6618420475721359]
rlhf_correct = [0.6, 0.8, 0.66, 0.52]
featureprefshuman_probs = [3.264321012145051e-11, 1.0, 1.0, 0.3912509320676327]
featureprefshuman_correct = [0.4, 0.66, 0.62, 0.68]
featureprefsgt_probs = [0.27761271977797153, 1.0, 1.0, 1.0]
featureprefsgt_correct = [0.54, 0.64, 0.64, 0.74]
