comparisons = ['train_1', 'train_3', 'train_5', 'train_10']
rlhf_probs = [0.6799163413047791, 0.5141766771674157, 0.07695135455578565, 0.6847245025634766]
featureprefs_probs = [0.4228492574393749, 0.6410088498517871, 0.01708480339962989, 0.9702779543399811]
featureprefshuman_probs = [0.010269444637815468, 0.9999999785423279, 1.7923407169064845e-22, 1.0]
