comparisons = ['train_1', 'train_3', 'train_5', 'train_10']
rlhf_probs = [0.6067927479743958, 0.8118194937705994, 0.8662946224212646, 0.9552573561668396]
rlhf_correct = [0.64, 0.68, 0.68, 0.72]
featureprefshuman_probs = [0.8033111691474915, 0.9981793165206909, 0.9806760549545288, 1.0]
featureprefshuman_correct = [0.62, 0.7, 0.72, 0.78]
