comparisons = ['train_1', 'train_3', 'train_5', 'train_10']
rlhf_probs = [0.34131683251261713, 0.19361846459656953, 0.3968072030097246, 0.3658418685942888]
rlhf_correct = [0.42, 0.52, 0.48, 0.62]
featureprefshuman_probs = [0.001864018256744089, 4.742884885121868e-06, 0.9909632060527801, 0.9659338632412254]
featureprefshuman_correct = [0.32, 0.48, 0.5, 0.52]
featureprefsgt_probs = [0.2797173386979543, 0.048215910850191133, 0.9999999876022339, 0.9992314734458924]
featureprefsgt_correct = [0.68, 0.68, 0.76, 0.66]
