comparisons = ['train_1', 'train_3', 'train_5', 'train_10']
rlhf_probs = [0.34131683251261713, 0.19361846459656953, 0.3968072030097246, 0.3658418685942888]
rlhf_correct = [0.48, 0.46, 0.62, 0.7]
featureprefshuman_probs = [0.001864018256744089, 4.742884885121868e-06, 0.9909632060527801, 0.9659338632412254]
featureprefshuman_correct = [0.46, 0.62, 0.62, 0.68]
