comparisons = ['train_1', 'train_3', 'train_5', 'train_10', 'train_15', 'train_20', 'train_30', 'train_50', 'train_100']
rlhf_probs = [0.6577788249210075, 0.8373179457805775, 0.6625239838052679, 0.9261881400037695, 0.75134112879082, 0.9859415005754542, 0.9944359770527592, 0.9984954374807852, 0.9982087170636212]
rlhf_correct = [0.38, 0.66, 0.58, 0.58, 0.7, 0.78, 0.74, 0.84, 0.9]
featureprefs_probs = [0.8553792061629119, 0.8937355975310007, 0.999559760093689, 0.9999995452386362, 0.999993399337486, 1.0, 1.0, 1.0, 1.0]
featureprefs_correct = [0.46, 0.6, 0.7, 0.82, 0.76, 0.7, 0.86, 0.84, 0.86]
featureprefshuman_probs = [0.9964880722540396, 1.0, 0.999696014104066, 1.0, 1.0, 1.0, 1.0, 1.0, 1.0]
featureprefshuman_correct = [0.5, 0.76, 0.74, 0.82, 0.78, 0.72, 0.86, 0.88, 0.84]
rlhfhuman_probs = [0.7308675746122996, 0.9967170159022013, 0.9565470704325924, 0.9997574090957642, 0.9999990198347304, 1.0, 1.0, 1.0, 1.0]
rlhfhuman_correct = [0.36, 0.68, 0.74, 0.7, 0.9, 0.84, 0.88, 0.86, 0.88]
