comparisons = ['train_1', 'train_3', 'train_5', 'train_10']
rlhf_probs = [0.4095270195305347, 0.8434541828632355, 0.29390458247065543, 0.4191852509379387]
rlhf_correct = [0.48, 0.54, 0.58, 0.54]
featureprefshuman_probs = [0.5477993572414036, 0.7837704901438239, 0.9999904890060425, 0.833925771643998]
featureprefshuman_correct = [0.58, 0.56, 0.6, 0.54]
featureprefsgt_probs = [0.3756609731987119, 0.4073034805983939, 0.48961989957466723, 0.9999998092651368]
featureprefsgt_correct = [0.48, 0.56, 0.66, 0.68]
