comparisons = ['train_1', 'train_3', 'train_5', 'train_10']
rlhf_probs = [0.4095270195305347, 0.8434541828632355, 0.29390458247065543, 0.4191852509379387]
rlhf_correct = [0.5, 0.68, 0.52, 0.58]
featureprefshuman_probs = [0.5477993572414036, 0.7837704901438239, 0.9999904890060425, 0.833925771643998]
featureprefshuman_correct = [0.48, 0.72, 0.7, 0.74]
