comparisons = ['train_1', 'train_3', 'train_5', 'train_10']
rlhf_probs = [0.8792779049873352, 0.4130187190771103, 0.8903919639587402, 0.4721782973408699]
rlhf_correct = [0.54, 0.58, 0.76, 0.62]
featureprefshuman_probs = [0.8006120895921812, 0.9999177765846252, 1.0, 5.592521373792134e-20]
featureprefshuman_correct = [0.4, 0.66, 0.6, 0.54]
