comparisons = ['train_1', 'train_3', 'train_5', 'train_10']
rlhf_probs = [0.41312581503391266, 0.8475335278511047, 0.1956334773004055, 0.29904363518953325]
rlhf_correct = [0.6, 0.64, 0.7, 0.36]
featureprefshuman_probs = [0.9623973755836487, 1.0, 0.9995244212150574, 1.0]
featureprefshuman_correct = [0.52, 0.64, 0.56, 0.6]
featureprefsgt_probs = [0.8527018511891366, 0.9999776058197022, 1.2130503795892977e-10, 1.0]
featureprefsgt_correct = [0.58, 0.6, 0.64, 0.58]
