comparisons = ['train_1', 'train_3', 'train_5', 'train_10']
rlhf_probs = [0.9549187314510346, 0.9351121079921723, 0.9853819960355759, 0.9503775882720947]
featureprefs_probs = [0.9965530657768249, 0.9999999594688416, 1.0, 0.9998823797702789]
featureprefshuman_probs = [1.0, 1.0, 1.0, 1.0]
