comparisons = ['train_1', 'train_3', 'train_5', 'train_10']
rlhf_probs = [0.12454805053770542, 0.23402714610099792, 0.5207681532204151, 0.9137371122837067]
rlhf_correct = [0.44, 0.44, 0.54, 0.84]
featureprefs_probs = [0.015264561241638148, 0.8448744985461235, 0.5819046758813784, 1.0]
featureprefs_correct = [0.42, 0.5, 0.52, 0.88]
featureprefshuman_probs = [8.38064395235956e-05, 1.0, 1.0, 1.0]
featureprefshuman_correct = [0.4, 0.46, 0.46, 0.46]
