comparisons = ['train_1', 'train_3', 'train_5', 'train_10', 'train_15', 'train_20', 'train_30', 'train_50', 'train_100']
rlhf_probs = [0.8063127994537354, 0.889049232006073, 0.34670349955558777, 0.9944901466369629, 0.9836641550064087, 0.9999916553497314, 0.9999988079071045, 0.9999442100524902, 0.9999868869781494]
rlhf_correct = [0.72, 0.56, 0.44, 0.7, 0.6, 0.74, 0.86, 0.88, 0.96]
featureprefs_probs = [0.9892715215682983, 0.9970443844795227, 0.9921392798423767, 1.0, 1.0, 1.0, 1.0, 1.0, 1.0]
featureprefs_correct = [0.76, 0.68, 0.48, 0.88, 0.76, 0.82, 0.74, 0.86, 0.8]
featureprefshuman_probs = [0.9279652237892151, 0.9906286597251892, 0.08976226300001144, 1.0, 0.9999998807907104, 1.0, 1.0, 1.0, 1.0]
featureprefshuman_correct = [0.64, 0.66, 0.42, 0.84, 0.76, 0.76, 0.74, 0.86, 0.8]
