comparisons = ['train_1', 'train_3', 'train_5', 'train_10', 'train_15', 'train_20', 'train_30', 'train_50', 'train_100']
rlhf_probs = [0.5489110946655273, 0.27123725414276123, 0.5701591372489929, 0.5051758289337158, 0.9743830561637878, 0.9993370175361633, 0.9999959468841553, 0.9999653100967407, 0.9999639987945557]
rlhf_correct = [0.42, 0.66, 0.6, 0.66, 0.78, 0.8, 0.92, 0.9, 0.98]
featureprefs_probs = [0.5282378792762756, 0.8402982354164124, 0.9602894186973572, 1.0, 1.0, 1.0, 1.0, 1.0, 1.0]
featureprefs_correct = [0.42, 0.74, 0.64, 0.92, 0.9, 0.76, 0.94, 0.98, 0.96]
featureprefshuman_probs = [0.7358250021934509, 0.9850918650627136, 0.012775295414030552, 1.0, 1.0, 1.0, 1.0, 1.0, 1.0]
featureprefshuman_correct = [0.42, 0.68, 0.46, 0.94, 0.88, 0.8, 0.96, 0.98, 0.96]
