comparisons = ['train_1', 'train_3', 'train_5', 'train_10', 'train_15', 'train_20', 'train_30', 'train_50', 'train_100']
rlhf_probs = [0.38770145177841187, 0.8115772604942322, 0.8358455896377563, 0.9935160875320435, 0.9958845973014832, 0.9997990727424622, 0.9999998807907104, 0.9997472167015076, 0.9999728202819824]
rlhf_correct = [0.54, 0.58, 0.66, 0.84, 0.8, 0.86, 0.84, 0.88, 0.86]
featureprefs_probs = [0.06179752200841904, 0.24103838205337524, 0.999832272529602, 0.9999995231628418, 1.0, 1.0, 1.0, 1.0, 1.0]
featureprefs_correct = [0.48, 0.44, 0.72, 0.78, 0.9, 0.9, 0.86, 0.86, 0.96]
featureprefshuman_probs = [0.36084240674972534, 0.9999934434890747, 0.9999889135360718, 1.0, 0.9999998807907104, 1.0, 1.0, 1.0, 1.0]
featureprefshuman_correct = [0.58, 0.7, 0.72, 0.82, 0.92, 0.9, 0.92, 0.86, 0.94]
rlhfhuman_probs = [0.4830487370491028, 0.8773552179336548, 0.8556007742881775, 0.9889596700668335, 0.9990059733390808, 0.9999545812606812, 0.9999997615814209, 0.9999587535858154, 0.9999697208404541]
rlhfhuman_correct = [0.58, 0.68, 0.64, 0.8, 0.86, 0.86, 0.84, 0.88, 0.88]
