comparisons = ['train_1', 'train_3', 'train_5', 'train_10']
rlhf_probs = [0.6462109893560409, 0.6880001991987228, 0.5370739996433258, 0.9166798412799835]
rlhf_correct = [0.62, 0.68, 0.6, 0.84]
featureprefshuman_probs = [1.0, 0.9990225076675415, 1.0, 1.0]
featureprefshuman_correct = [0.6, 0.48, 0.48, 0.56]
featureprefsgt_probs = [0.27302625477313996, 1.1099213952547871e-05, 0.9999999403953552, 1.0]
featureprefsgt_correct = [0.5, 0.58, 0.5, 0.56]
