comparisons = ['train_1', 'train_3', 'train_5', 'train_10', 'train_15', 'train_20', 'train_30', 'train_50', 'train_100']
rlhf_probs = [0.44418632984161377, 0.5319225788116455, 0.9004150629043579, 0.9961200952529907, 0.9977591037750244, 0.9953232407569885, 0.9999842643737793, 0.999875545501709, 0.9999033212661743]
rlhf_correct = [0.54, 0.66, 0.72, 0.62, 0.84, 0.74, 0.9, 0.82, 0.96]
featureprefs_probs = [0.24517196416854858, 0.999911904335022, 0.999289870262146, 0.9999985694885254, 1.0, 1.0, 1.0, 1.0, 1.0]
featureprefs_correct = [0.5, 0.72, 0.78, 0.84, 0.9, 0.82, 0.88, 0.88, 0.92]
featureprefshuman_probs = [0.5614856481552124, 0.9997983574867249, 0.983539342880249, 0.9999982118606567, 1.0, 1.0, 1.0, 1.0, 1.0]
featureprefshuman_correct = [0.64, 0.64, 0.74, 0.9, 0.9, 0.84, 0.88, 0.88, 0.92]
