comparisons = ['train_1', 'train_3', 'train_5', 'train_10', 'train_15', 'train_20', 'train_30', 'train_50', 'train_100']
rlhf_probs = [0.5556929111480713, 0.7490808367729187, 0.9149219393730164, 0.9934499859809875, 0.9992239475250244, 0.9930485486984253, 0.9999866485595703, 0.9993411898612976, 0.9998921155929565]
rlhf_correct = [0.54, 0.62, 0.74, 0.54, 0.94, 0.76, 0.9, 0.84, 0.96]
featureprefs_probs = [0.34904807806015015, 0.37786757946014404, 0.5050154328346252, 0.6006633043289185, 0.8487957119941711, 0.36614322662353516, 0.00042731172288767993, 0.8323801159858704, 0.009163863025605679]
featureprefs_correct = [0.48, 0.44, 0.62, 0.62, 0.52, 0.5, 0.26, 0.72, 0.3]
featureprefshuman_probs = [0.27169641852378845, 0.2006063312292099, 0.32529664039611816, 0.8430600166320801, 0.4464186429977417, 0.34282246232032776, 0.6943506598472595, 0.7570276260375977, 0.1301976889371872]
featureprefshuman_correct = [0.4, 0.4, 0.38, 0.56, 0.42, 0.28, 0.54, 0.7, 0.54]
