comparisons = ['train_1', 'train_3', 'train_5', 'train_10', 'train_15', 'train_20', 'train_30', 'train_50', 'train_100']
rlhf_probs = [0.817473828792572, 0.8804718852043152, 0.9460947513580322, 0.3151463270187378, 0.9876206517219543, 0.9999310970306396, 0.9999630451202393, 0.9998273849487305, 0.9999904632568359]
rlhf_correct = [0.52, 0.78, 0.58, 0.62, 0.66, 0.72, 0.78, 0.98, 0.9]
featureprefs_probs = [0.9887028932571411, 0.9455347061157227, 0.9981580376625061, 0.9976505637168884, 1.0, 1.0, 1.0, 1.0, 1.0]
featureprefs_correct = [0.6, 0.52, 0.58, 0.64, 0.78, 0.8, 0.8, 0.92, 0.86]
featureprefshuman_probs = [0.9972455501556396, 0.9990699887275696, 0.9999597072601318, 0.9992244243621826, 1.0, 1.0, 1.0, 1.0, 1.0]
featureprefshuman_correct = [0.58, 0.64, 0.68, 0.64, 0.82, 0.82, 0.8, 0.9, 0.82]
