comparisons = ['train_1', 'train_3', 'train_5', 'train_10', 'train_15', 'train_20', 'train_30', 'train_50', 'train_100']
rlhf_probs = [0.7741257548332214, 0.9557017683982849, 0.9900040030479431, 0.9984110593795776, 0.9952599406242371, 0.9998364448547363, 0.9998459815979004, 0.999954104423523, 0.999984622001648]
rlhf_correct = [0.7, 0.72, 0.7, 0.88, 0.86, 0.96, 0.76, 0.92, 1.0]
featureprefs_probs = [0.7113208770751953, 0.9720083475112915, 0.9999977350234985, 1.0, 1.0, 1.0, 1.0, 1.0, 1.0]
featureprefs_correct = [0.64, 0.5, 0.72, 0.9, 0.86, 0.88, 0.76, 0.84, 0.84]
featureprefshuman_probs = [0.8993644714355469, 0.9738805890083313, 1.0, 1.0, 1.0, 1.0, 1.0, 1.0, 1.0]
featureprefshuman_correct = [0.62, 0.5, 0.78, 0.88, 0.84, 0.88, 0.8, 0.82, 0.84]
