comparisons = ['train_1', 'train_3', 'train_5', 'train_10']
rlhf_probs = [0.3398463094234467, 0.8678560256958008, 0.9862221133708954, 0.7804385334253311]
rlhf_correct = [0.82, 0.62, 0.84, 0.58]
featureprefs_probs = [0.5538101508840918, 0.9998277020454407, 0.9999998807907104, 0.5023069800483063]
featureprefs_correct = [0.78, 0.64, 0.8, 0.48]
featureprefshuman_probs = [0.9999521851539612, 0.9999999046325684, 1.0, 0.999999828338623]
featureprefshuman_correct = [0.8, 0.68, 0.68, 0.64]
