comparisons = ['train_1', 'train_3', 'train_5', 'train_10']
rlhf_probs = [0.6619998216629028, 0.3739818036556244, 0.955429196357727, 0.98055499792099]
rlhf_correct = [0.52, 0.5, 0.6, 0.6]
featureprefshuman_probs = [0.7711836695671082, 0.9996212720870972, 0.9997575879096985, 1.0]
featureprefshuman_correct = [0.7, 0.46, 0.58, 0.9]
