comparisons = ['train_1', 'train_3', 'train_5', 'train_10']
rlhf_probs = [0.6265281498432159, 0.9572451341152192, 0.9817422223091126, 0.6737292701005936]
rlhf_correct = [0.64, 0.84, 0.86, 0.7]
featureprefshuman_probs = [0.6345375016331672, 1.0, 1.0, 1.0]
featureprefshuman_correct = [0.54, 0.68, 0.66, 0.68]
featureprefsgt_probs = [0.8920076394081116, 1.0, 1.0, 1.0]
featureprefsgt_correct = [0.64, 0.68, 0.7, 0.82]
