comparisons = ['train_1', 'train_3', 'train_5', 'train_10']
rlhf_probs = [0.23611134216189383, 0.4200993496179581, 0.319555254727602, 0.8128436946868897]
featureprefs_probs = [2.7141451165775265e-05, 0.2445401387475431, 0.02137392432996421, 0.07970768604033765]
featureprefshuman_probs = [2.587135696074938e-07, 1.0466329182250434e-05, 0.9997025561332703, 1.0]
