comparisons = ['train_1', 'train_3', 'train_5', 'train_10']
rlhf_probs = [0.3035326038300991, 0.850248681306839, 0.8529540860652923, 0.7922447746992112]
featureprefs_probs = [0.5175518714636564, 0.6420837613940239, 0.9940253031253815, 0.9989149820804596]
featureprefshuman_probs = [2.993549938039297e-09, 1.0, 1.0, 1.0]
