comparisons = ['train_1', 'train_3', 'train_5', 'train_10']
rlhf_probs = [0.6947687876224518, 0.6711647570133209, 0.9624259924888611, 0.9735124039649964]
rlhf_correct = [0.62, 0.72, 0.82, 0.7]
featureprefs_probs = [0.2403036775859073, 0.3088924998044968, 0.9923244225978851, 0.9975474524497986]
featureprefs_correct = [0.58, 0.56, 0.7, 0.88]
featureprefshuman_probs = [1.9275872775031953e-09, 2.2121651057568644e-16, 1.0, 1.0]
featureprefshuman_correct = [0.6, 0.48, 0.9, 0.74]
