comparisons = ['train_1', 'train_3', 'train_5', 'train_10']
rlhf_probs = [0.8112788796424866, 0.920931875705719, 0.9924112558364868, 0.9327529072761536]
rlhf_correct = [0.6, 0.7, 0.86, 0.78]
featureprefshuman_probs = [0.9793423414230347, 0.9999889135360718, 0.999988317489624, 0.997200608253479]
featureprefshuman_correct = [0.66, 0.62, 0.88, 0.62]
