comparisons = ['train_1', 'train_3', 'train_5', 'train_10', 'train_15', 'train_20', 'train_30', 'train_50', 'train_100']
rlhf_probs = [0.7380782961845398, 0.6991576552391052, 0.9892654418945312, 0.857283890247345, 0.9805043339729309, 0.9992862343788147, 0.9999980926513672, 0.9999740123748779, 0.9999884366989136]
rlhf_correct = [0.66, 0.72, 0.64, 0.7, 0.82, 0.66, 0.88, 0.86, 0.88]
featureprefs_probs = [0.703101396560669, 0.927875816822052, 0.9999998807907104, 0.9999191761016846, 1.0, 1.0, 1.0, 1.0, 1.0]
featureprefs_correct = [0.62, 0.68, 0.72, 0.56, 0.88, 0.7, 0.84, 0.86, 0.84]
featureprefshuman_probs = [0.9538919925689697, 0.7690503597259521, 0.9999998807907104, 0.9994329810142517, 0.9999998807907104, 1.0, 1.0, 1.0, 1.0]
featureprefshuman_correct = [0.66, 0.6, 0.68, 0.52, 0.8, 0.7, 0.84, 0.86, 0.9]
