comparisons = ['train_1', 'train_5', 'train_3', 'train_10', 'train_15', 'train_5', 'train_10', 'train_20', 'train_30', 'train_15', 'train_50', 'train_20', 'train_30', 'train_100', 'train_50', 'train_100']
rlhf_probs = [0.6485478281974792, 0.8251378536224365, 0.8122316002845764, 0.9988502264022827, 0.9484019875526428, 0.8251378536224365, 0.9999825954437256, 0.9988502264022827, 0.999991774559021, 0.9999825954437256, 0.9999889135360718, 0.999991774559021, 0.9999927282333374, 0.9999889135360718, 0.9999927282333374]
rlhf_correct = [0.68, 0.68, 0.5, 0.74, 0.76, 0.68, 0.9, 0.74, 0.82, 0.9, 0.92, 0.82, 0.92, 0.92, 0.92]
featureprefs_probs = [0.1056474819779396, 0.9999991655349731, 0.9999990463256836, 0.9912601113319397, 0.9999991655349731, 1.0, 0.9999990463256836, 1.0, 1.0, 1.0, 1.0, 1.0, 1.0, 1.0, 1.0, 1.0]
featureprefs_correct = [0.62, 0.78, 0.76, 0.48, 0.78, 0.78, 0.76, 0.96, 0.94, 0.78, 0.96, 0.92, 0.92, 0.94, 0.92, 0.92]
featureprefshuman_probs = [0.7315140962600708, 0.9999969005584717, 0.9964046478271484, 1.0, 1.0, 0.9999969005584717, 1.0, 1.0, 1.0, 1.0, 1.0, 1.0, 1.0, 1.0, 1.0, 1.0]
featureprefshuman_correct = [0.68, 0.76, 0.56, 0.82, 0.92, 0.76, 0.82, 0.96, 0.96, 0.92, 0.92, 0.96, 0.96, 0.92, 0.92, 0.92]
