comparisons = ['train_1', 'train_3', 'train_5', 'train_10', 'train_15', 'train_20', 'train_30', 'train_50', 'train_100']
rlhf_probs = [0.4903758764266968, 0.7998651266098022, 0.9310033321380615, 0.8032981753349304, 0.9956353306770325, 0.9999723434448242, 0.9999935626983643, 0.9999923706054688, 0.999984622001648]
rlhf_correct = [0.56, 0.52, 0.66, 0.7, 0.72, 0.9, 0.82, 0.92, 0.92]
featureprefs_probs = [0.6505627036094666, 0.33826449513435364, 0.3692387044429779, 0.7826322913169861, 0.8853445649147034, 0.03330068662762642, 0.8972313404083252, 0.9344843626022339, 0.31748297810554504]
featureprefs_correct = [0.32, 0.4, 0.36, 0.88, 0.66, 0.42, 0.4, 0.64, 0.54]
featureprefshuman_probs = [0.48870280385017395, 0.3797410726547241, 0.16046857833862305, 0.8868847489356995, 0.09064549952745438, 0.02848551608622074, 0.0066561028361320496, 0.047797221690416336, 0.8689165115356445]
featureprefshuman_correct = [0.52, 0.52, 0.3, 0.88, 0.42, 0.3, 0.4, 0.3, 0.7]
