comparisons = ['train_1', 'train_3', 'train_5', 'train_10', 'train_15', 'train_20', 'train_30', 'train_50', 'train_100']
rlhf_probs = [0.46099409461021423, 0.661310613155365, 0.9507223963737488, 0.9840139746665955, 0.821799635887146, 0.9998277425765991, 0.9999696016311646, 0.9999637603759766, 0.9999806880950928]
rlhf_correct = [0.66, 0.5, 0.62, 0.62, 0.8, 0.88, 0.78, 0.96, 0.98]
featureprefs_probs = [0.36569657921791077, 0.9820887446403503, 0.9981404542922974, 1.0, 0.9999997615814209, 1.0, 1.0, 1.0, 1.0]
featureprefs_correct = [0.62, 0.46, 0.68, 0.9, 0.82, 0.82, 0.86, 0.84, 0.86]
featureprefshuman_probs = [0.4880923628807068, 0.9990205764770508, 0.9994326233863831, 1.0, 0.9999996423721313, 1.0, 1.0, 1.0, 1.0]
featureprefshuman_correct = [0.56, 0.56, 0.56, 0.86, 0.86, 0.82, 0.86, 0.86, 0.86]
rlhfhuman_probs = [0.39816248416900635, 0.4211943745613098, 0.9422146081924438, 0.9853380918502808, 0.8502811789512634, 0.9999270439147949, 0.9999676942825317, 0.9999487400054932, 0.9999403953552246]
rlhfhuman_correct = [0.64, 0.48, 0.6, 0.6, 0.8, 0.86, 0.78, 0.94, 0.98]
