comparisons = ['train_1', 'train_3', 'train_5', 'train_10']
rlhf_probs = [0.7347092692454655, 0.69814707783858, 0.7226162165204685, 0.7738143537243207]
rlhf_probs_err = [0.0911422336212434, 0.14710046736744672, 0.2076043681762678, 0.1532182531752107]
rlhf_correct = [0.54, 0.6533333333333333, 0.6733333333333333, 0.7666666666666666]
rlhf_cor_err = [0.02309401076758502, 0.037118429085533484, 0.04371625682868001, 0.07423685817106696]
featureprefshuman_probs = [0.6734876738240919, 0.999972592194875, 0.8601320040224002, 0.6666666666666666]
featureprefshuman_probs_err = [0.23400755325086758, 2.7407805124927503e-05, 0.13986799597759986, 0.3333333333333333]
featureprefshuman_correct = [0.47333333333333333, 0.6133333333333334, 0.6, 0.6000000000000001]
featureprefshuman_cor_err = [0.04055175020198814, 0.02905932629027115, 0.02309401076758502, 0.034641016151377546]
