comparisons = ['train_1', 'train_3', 'train_5', 'train_10', 'train_15', 'train_20', 'train_30', 'train_50', 'train_100']
rlhf_probs = [0.6684446103043027, 0.27195237094053515, 0.9187238978015052, 0.9519952425250301, 0.8851129644446902, 0.9936833823168719, 0.999495819762901, 0.9936871153336985, 0.9978528464282]
rlhf_correct = [0.48, 0.5, 0.66, 0.8, 0.66, 0.76, 0.78, 0.78, 0.86]
featureprefs_probs = [0.8011094850522501, 0.7489804570321683, 0.925708739845841, 0.9999768160007618, 0.9999670275935421, 1.0, 1.0, 1.0, 1.0]
featureprefs_correct = [0.44, 0.58, 0.72, 0.82, 0.76, 0.86, 0.82, 0.82, 0.84]
featureprefshuman_probs = [0.9986790793913382, 0.003468623466755229, 1.0, 1.0, 1.0, 1.0, 1.0, 1.0, 1.0]
featureprefshuman_correct = [0.5, 0.52, 0.86, 0.84, 0.86, 0.8, 0.82, 0.78, 0.82]
