comparisons = ['train_1', 'train_3', 'train_5', 'train_10', 'train_15', 'train_20', 'train_30', 'train_50', 'train_100']
rlhf_probs = [0.6605837422388571, 0.5447181203850994, 0.5353632848019954, 0.8424035570135823, 0.9707621689195987, 0.9968050453397963, 0.966915245409365, 0.9975899104718808, 0.9978723526000977]
rlhf_correct = [0.42, 0.56, 0.5, 0.68, 0.8, 0.74, 0.84, 0.82, 0.9]
featureprefs_probs = [0.6056109617153803, 0.42390968430683845, 0.5119140876853365, 1.0, 0.9999943132753726, 1.0, 1.0, 1.0, 1.0]
featureprefs_correct = [0.48, 0.58, 0.7, 0.94, 0.84, 0.86, 0.84, 0.88, 0.94]
featureprefshuman_probs = [0.7104036366498029, 0.0873876122964753, 1.0, 1.0, 1.0, 1.0, 1.0, 1.0, 1.0]
featureprefshuman_correct = [0.56, 0.64, 0.8, 0.8, 0.82, 0.78, 0.88, 0.86, 0.86]
rlhfhuman_probs = [0.741773439778222, 0.6466784951863466, 0.39539815664843275, 0.9999943530118024, 1.0, 1.0, 1.0, 1.0, 1.0]
rlhfhuman_correct = [0.48, 0.64, 0.56, 0.9, 0.84, 0.88, 0.9, 0.92, 0.96]
