comparisons = ['train_1', 'train_3', 'train_5', 'train_10', 'train_15', 'train_20', 'train_30', 'train_50', 'train_100']
rlhf_probs = [0.6858579220227253, 0.5753330440555581, 0.33564471834005766, 0.6007041996344924, 0.7501114443665056, 0.8262363647267897, 0.799943858134338, 0.8347759971648087, 0.9371283199070903]
rlhf_correct = [0.68, 0.66, 0.5, 0.66, 0.58, 0.68, 0.58, 0.78, 0.82]
featureprefs_probs = [0.767795419834033, 0.7169698143776491, 0.4613631682471017, 0.8848024185731578, 0.7530568852319302, 0.9448656192731587, 0.9835572255001147, 0.9999997581474085, 0.9999844267535112]
featureprefs_correct = [0.62, 0.68, 0.54, 0.7, 0.68, 0.76, 0.82, 0.86, 0.86]
featureprefshuman_probs = [0.9997768681726338, 0.606295695596004, 0.9999938256456038, 0.9973225510169449, 0.9999513461756608, 0.9268824651072827, 1.0, 1.0, 1.0]
featureprefshuman_correct = [0.84, 0.48, 0.9, 0.84, 0.66, 0.92, 0.92, 0.84, 0.86]
rlhfhuman_probs = [0.7753423190763826, 0.7960428244452502, 0.4793781377758386, 0.9776929247771762, 0.9990457529393734, 0.9997245026714027, 0.9999997390150533, 0.9999976521166264, 0.999963957095833]
rlhfhuman_correct = [0.62, 0.7, 0.52, 0.82, 0.86, 0.82, 0.8, 0.8, 0.82]
