comparisons = ['train_1', 'train_3', 'train_5', 'train_10', 'train_15', 'train_20', 'train_30', 'train_50', 'train_100']
rlhf_probs = [0.5024576568554459, 0.6351443468267289, 0.5205587811016865, 0.6931731989645541, 0.7241037621818207, 0.6465838651427684, 0.8278773501438736, 0.8740414316639488, 0.8981537674189595]
rlhf_correct = [0.64, 0.54, 0.64, 0.64, 0.6, 0.66, 0.74, 0.68, 0.84]
featureprefs_probs = [0.5654057653260575, 0.8729343219265464, 0.42198780520006596, 0.9990400887811135, 0.9997235389403355, 0.9323802091058635, 0.9999944800702633, 0.9986740331100338, 0.9990996345571039]
featureprefs_correct = [0.68, 0.58, 0.56, 0.8, 0.8, 0.8, 0.86, 0.84, 0.86]
featureprefshuman_probs = [0.6989922727086416, 0.7391954326734312, 0.09003184866921884, 1.0, 1.0, 1.0, 1.0, 1.0, 1.0]
featureprefshuman_correct = [0.74, 0.62, 0.72, 0.88, 0.8, 0.94, 0.84, 0.88, 0.88]
rlhfhuman_probs = [0.5281546776922642, 0.8032653434226674, 0.5993574565974037, 0.9990474699456015, 0.9998347447732839, 0.9995048063282123, 0.9999989604753722, 0.9999994745960942, 0.999981874791683]
rlhfhuman_correct = [0.74, 0.6, 0.72, 0.82, 0.8, 0.94, 0.82, 0.86, 0.84]
