comparisons = ['train_1', 'train_3', 'train_5', 'train_10', 'train_15', 'train_20', 'train_30', 'train_50', 'train_100']
rlhf_probs = [0.5863426213033895, 0.572374733816449, 0.6008401034944096, 0.7317091644178202, 0.6597143564020655, 0.5376229690040036, 0.6916761807790754, 0.7542852203787109, 0.9181335217668196]
rlhf_correct = [0.62, 0.66, 0.64, 0.64, 0.62, 0.62, 0.74, 0.74, 0.86]
featureprefs_probs = [0.6037231817335627, 0.743138654273216, 0.9029457904705049, 0.9868983910898123, 0.511382362602179, 0.9779046461783318, 0.9998007752767806, 0.993782978980139, 0.9999925805708018]
featureprefs_correct = [0.66, 0.62, 0.76, 0.86, 0.84, 0.8, 0.86, 0.8, 0.86]
