comparisons = ['train_1', 'train_3', 'train_5', 'train_10', 'train_15', 'train_20', 'train_30', 'train_50', 'train_100']
rlhf_probs = [0.578518641829, 0.707438062247916, 0.45844955613583693, 0.4510139344497718, 0.5250837853400673, 0.7921284671715717, 0.8417102778368771, 0.8370767837934533, 0.8788745908580199]
rlhf_correct = [0.68, 0.7, 0.58, 0.66, 0.72, 0.6, 0.72, 0.78, 0.8]
featureprefs_probs = [0.6677450103524291, 0.8068186375561627, 0.7536136840504629, 0.6271639623180503, 0.9967421052877795, 0.9999973111682467, 0.999715046872818, 0.9999696477450462, 0.9999951173248605]
featureprefs_correct = [0.7, 0.7, 0.66, 0.62, 0.82, 0.82, 0.82, 0.8, 0.84]
featureprefshuman_probs = [0.6973308800669854, 0.8424061066988442, 0.7571253462353483, 0.5811072475515183, 0.4359404015654466, 0.8611930687795535, 0.8862555206710325, 0.9989673149438552, 0.999984293072312]
featureprefshuman_correct = [0.66, 0.78, 0.7, 0.68, 0.76, 0.7, 0.74, 0.78, 0.8]
