comparisons = ['train_1', 'train_3', 'train_5', 'train_10', 'train_15', 'train_20', 'train_30', 'train_50', 'train_100']
probs = [0.5840494750458517, 0.6208156278747835, 0.4658890297529077, 0.7719407453826426, 0.6044474567282837, 0.5222187438067586, 0.8598098359358164, 0.7040818400159785, 0.9002312191229298]
correct = [0.64, 0.68, 0.62, 0.64, 0.66, 0.62, 0.74, 0.74, 0.86]
probs = [0.6909978795536016, 0.9486176779976597, 0.8377018379509341, 0.9585770572163931, 0.9146317644619647, 0.9464709148148205, 0.9967829418280487, 0.9745405419373218, 0.999994892151758]
correct = [0.68, 0.66, 0.74, 0.84, 0.86, 0.78, 0.84, 0.8, 0.86]
