comparisons = ['train_1', 'train_30', 'train_3', 'train_50', 'train_5', 'train_100', 'train_10', 'train_15', 'train_20', 'train_30', 'train_50', 'train_100']
rlhf_probs = [0.4771975248806761, 0.80212328765434, 0.515372551257105, 0.8473094113079118, 0.6314995369026936, 0.7884790133301613, 0.8474905444270789, 0.5073640043904752, 0.8687986699258717, 0.80212328765434, 0.8473094113079118, 0.8474905444270789]
rlhf_correct = [0.52, 0.66, 0.58, 0.72, 0.66, 0.6, 0.84, 0.58, 0.58, 0.66, 0.72, 0.84]
featureprefs_probs = [0.6327326270088615, 0.958396470197189, 0.5904048983838386, 0.9999957577681836, 0.9476171799402668, 0.7922706641711931, 0.9962060181692304, 0.9995372094244623, 0.8902736028939976, 0.958396470197189, 0.9999957577681836, 0.9476171799402668, 0.9995372094244623]
featureprefs_correct = [0.64, 0.66, 0.6, 0.76, 0.74, 0.56, 0.88, 0.86, 0.72, 0.66, 0.76, 0.74, 0.86]
featureprefshuman_probs = [0.5454531996798369, 1.0, 0.44753865419875555, 1.0, 0.9999990399482319, 1.0, 1.0, 1.0, 1.0, 1.0, 1.0, 1.0]
featureprefshuman_correct = [0.58, 0.86, 0.62, 0.82, 0.72, 0.9, 0.82, 0.88, 0.88, 0.86, 0.82, 0.9]
