comparisons = ['train_1', 'train_3', 'train_5', 'train_10', 'train_15', 'train_20', 'train_30', 'train_50', 'train_100']
probs = [0.396675942243372, 0.6470321151025501, 0.5178210841100893, 0.6872976132373444, 0.4652327931037656, 0.6626794536213808, 0.944372037678589, 0.9272309490192083, 0.9439615894246984]
correct = [0.58, 0.54, 0.62, 0.62, 0.64, 0.74, 0.78, 0.82, 0.88]
probs = [0.40857155017033525, 0.6219868312340765, 0.7118887782945784, 0.9438284932340614, 0.6514904215479645, 0.9904717577337728, 0.9952471795886633, 0.964949716449765, 0.9999485069832194]
correct = [0.6, 0.5, 0.52, 0.78, 0.78, 0.84, 0.86, 0.88, 0.82]
