comparisons = ['train_1', 'train_3', 'train_5', 'train_10', 'train_15', 'train_20', 'train_30', 'train_50', 'train_100']
rlhf_probs = [0.6801333772056878, 0.49267846991311864, 0.610252281919183, 0.6618694161053424, 0.8486641409496466, 0.7074316755673031, 0.8803533926728822, 0.8652831661848375, 0.9168722801247742]
rlhf_correct = [0.64, 0.6, 0.58, 0.66, 0.58, 0.68, 0.76, 0.76, 0.86]
featureprefs_probs = [0.6751810936372221, 0.6716906401982261, 0.7352698603927622, 0.9972992164117319, 0.986642446046994, 0.9999467556368667, 0.9422688281677142, 0.9999995491632219, 0.9994877017574546]
featureprefs_correct = [0.52, 0.66, 0.58, 0.82, 0.8, 0.88, 0.82, 0.8, 0.84]
featureprefshuman_probs = [0.9796751600234106, 0.5390485885127643, 0.730575071182102, 0.7064867835759908, 0.6663211548068738, 0.5609646984024228, 0.9999834716074751, 0.9999811126862044, 0.9999995682955769]
featureprefshuman_correct = [0.56, 0.7, 0.66, 0.62, 0.58, 0.58, 0.86, 0.8, 0.84]
