comparisons = ['train_1', 'train_3', 'train_5', 'train_10', 'train_15', 'train_20', 'train_30', 'train_50', 'train_100']
rlhf_probs = [0.5681958040644112, 0.656598239942915, 0.7350051011213079, 0.6925625953036367, 0.6653457844939047, 0.8475107592920197, 0.8683361732126285, 0.8703425818714422, 0.9187204242570246]
rlhf_correct = [0.48, 0.5800000000000001, 0.6133333333333334, 0.6000000000000001, 0.6066666666666666, 0.6466666666666666, 0.7466666666666667, 0.7533333333333333, 0.8266666666666667]
featureprefs_probs = [0.49683645770301216, 0.5067333345632331, 0.4776058471129265, 0.5607672906052755, 0.4123016916348283, 0.3441697317897374, 0.579571511029216, 0.513250590985531, 0.6840294691106746]
featureprefs_correct = [0.52, 0.5866666666666667, 0.5533333333333333, 0.5733333333333333, 0.4066666666666667, 0.37333333333333335, 0.58, 0.37333333333333335, 0.7999999999999999]
featureprefshuman_probs = [0.5114723845028583, 0.34785969718942283, 0.5857047136918997, 0.3719804072279907, 0.6671063293484442, 0.14238683264498156, 0.6226728258166457, 0.7058955899379707, 0.6076710031780482]
featureprefshuman_correct = [0.49333333333333335, 0.5266666666666667, 0.58, 0.39999999999999997, 0.6066666666666666, 0.17333333333333334, 0.58, 0.58, 0.6066666666666666]
