comparisons = ['train_1', 'train_3', 'train_5', 'train_10', 'train_15', 'train_20', 'train_30', 'train_50', 'train_100']
rlhf_probs = [0.5587913269900163, 0.6587486107704653, 0.6707478967381562, 0.6084136309265702, 0.6320886437478379, 0.6890186660336037, 0.8606980934033913, 0.8762071704790916, 0.876620970308699]
rlhf_correct = [0.5466666666666667, 0.6066666666666667, 0.6733333333333332, 0.68, 0.6133333333333333, 0.6733333333333333, 0.8666666666666667, 0.7666666666666666, 0.8533333333333334]
featureprefs_probs = [0.4791320847438083, 0.6382785862708874, 0.7681806097967683, 0.9479548715504361, 0.8881446953137266, 0.9839057530517931, 0.9999439453882446, 0.9974417211424013, 0.999376974233384]
featureprefs_correct = [0.5266666666666667, 0.6466666666666666, 0.7333333333333334, 0.8333333333333334, 0.82, 0.82, 0.9266666666666666, 0.8733333333333334, 0.86]
featureprefshuman_probs = [0.793306437747065, 0.9847083571956478, 0.9409177515210004, 1.0, 1.0, 0.7061065210352698, 1.0, 1.0, 1.0]
featureprefshuman_correct = [0.6733333333333333, 0.7933333333333333, 0.86, 0.94, 0.88, 0.9066666666666666, 0.9333333333333332, 0.9066666666666667, 0.94]
