comparisons = ['train_1', 'train_3', 'train_5', 'train_10', 'train_15', 'train_20', 'train_30', 'train_50', 'train_100']
rlhf_probs = [0.6315480812729959, 0.5824665493741938, 0.5377351779679784, 0.6946939773888254, 0.6926249487348546, 0.7398010986659577, 0.8121023803274818, 0.8760045356384193, 0.9151415992502651]
rlhf_correct = [0.6066666666666668, 0.66, 0.64, 0.6066666666666666, 0.7133333333333333, 0.6466666666666666, 0.6666666666666666, 0.8666666666666667, 0.8933333333333334]
featureprefs_probs = [0.5295029375143221, 0.7867592928843846, 0.6166683967555509, 0.8882555851951722, 0.9367248140919355, 0.9326439135558123, 0.979154019995972, 0.9998985884611499, 0.9993571968562645]
featureprefs_correct = [0.54, 0.7066666666666667, 0.6266666666666667, 0.7066666666666667, 0.84, 0.8866666666666666, 0.9066666666666666, 0.9133333333333334, 0.8733333333333334]
featureprefshuman_probs = [0.8261530290236134, 0.8750180119011303, 0.9006698489248759, 0.8747797542886552, 0.9999996084408177, 1.0, 1.0, 1.0, 1.0]
featureprefshuman_correct = [0.6866666666666666, 0.8066666666666666, 0.7000000000000001, 0.7866666666666667, 0.9266666666666666, 0.94, 0.8999999999999999, 0.9066666666666666, 0.9333333333333332]
