comparisons = ['train_1', 'train_3', 'train_5', 'train_10', 'train_15', 'train_20', 'train_30', 'train_50', 'train_100']
rlhf_probs = [0.5881590039580448, 0.6316672468402095, 0.6417515393798795, 0.7266630428307913, 0.6559493386918687, 0.8322100569912462, 0.8665903555893624, 0.8761379926047698, 0.8926948742284369]
rlhf_correct = [0.48, 0.6000000000000001, 0.6266666666666668, 0.6066666666666668, 0.6066666666666666, 0.6666666666666666, 0.7466666666666667, 0.7600000000000001, 0.8266666666666667]
featureprefs_probs = [0.507064172078246, 0.8223618597467078, 0.7308921147699179, 0.8629784569226011, 0.9295377428394286, 0.9619900591357512, 0.9998506117095999, 0.9998444263990688, 0.9998650877891091]
featureprefs_correct = [0.5133333333333333, 0.64, 0.6666666666666666, 0.7399999999999999, 0.7666666666666666, 0.8133333333333334, 0.84, 0.82, 0.86]
featureprefshuman_probs = [0.6640759185765508, 0.9387070349935348, 0.9476103025091498, 0.9999890862996033, 1.0, 1.0, 1.0, 1.0, 1.0]
featureprefshuman_correct = [0.5133333333333333, 0.7999999999999999, 0.7666666666666666, 0.7866666666666667, 0.8066666666666666, 0.9066666666666666, 0.86, 0.8733333333333334, 0.8666666666666667]
