comparisons = ['train_1', 'train_3', 'train_5', 'train_10', 'train_15', 'train_20', 'train_30', 'train_50', 'train_100']
rlhf_probs = [0.5000335434643329, 0.7278901997785019, 0.5445282365360256, 0.651715715664895, 0.6374381085850084, 0.8396642362668252, 0.9701875786722443, 0.9463215048421066, 0.9217609851448624]
rlhf_correct = [0.6, 0.64, 0.62, 0.6, 0.7, 0.54, 0.82, 0.74, 0.86]
featureprefs_probs = [0.6035908446283129, 0.8418105368506271, 0.9671599160987163, 0.9652193468294026, 0.9352071415862919, 0.9997649180545728, 1.0, 0.9999742740956844, 0.9999808362482016]
featureprefs_correct = [0.66, 0.62, 0.82, 0.78, 0.72, 0.86, 0.84, 0.8, 0.84]
featureprefshuman_probs = [0.7689385220347118, 1.0, 0.9865945154808676, 1.0, 1.0, 1.0, 1.0, 1.0, 1.0]
featureprefshuman_correct = [0.64, 0.84, 0.78, 0.84, 0.82, 0.8, 0.86, 0.78, 0.84]
