comparisons = ['train_1', 'train_3', 'train_5', 'train_10', 'train_15', 'train_20', 'train_30', 'train_50', 'train_100']
rlhf_probs = [0.7026891142375185, 0.6658749495146206, 0.44123159657105987, 0.6805004842364739, 0.629112341027293, 0.9674789760828999, 0.8479180922846735, 0.904299632757289]
rlhf_correct = [0.68, 0.56, 0.52, 0.66, 0.66, 0.74, 0.68, 0.74]
featureprefs_probs = [0.5661620373718839, 0.5532854055873405, 0.8760169059452083, 0.7363106013642655, 0.9607515883298567, 0.9909672187679589, 1.0, 0.999962538603402, 0.9999375125017677]
featureprefs_correct = [0.52, 0.54, 0.76, 0.62, 0.74, 0.82, 0.84, 0.76, 0.7]
featureprefshuman_probs = [0.6900226022528283, 0.9999960023189278, 0.8484461649988805, 0.9999999980377071, 1.0, 1.0, 1.0, 1.0, 1.0]
featureprefshuman_correct = [0.48, 0.8, 0.7, 0.86, 0.88, 0.82, 0.84, 0.9, 0.82]
