comparisons = ['train_1', 'train_3', 'train_5', 'train_10', 'train_15', 'train_20', 'train_30', 'train_50', 'train_100']
rlhf_probs = [0.5334229606506511, 0.7026891226385846, 0.6658749528336549, 0.4412315928764304, 0.68050048483436, 0.6291123442390144, 0.9674789768187597, 0.8479180887893394, 0.9042996307949961]
rlhf_correct = [0.48, 0.68, 0.56, 0.52, 0.66, 0.66, 0.74, 0.68, 0.74]
featureprefs_probs = [0.566162035917411, 0.5532854081261108, 0.8760169173242072, 0.7363105884426439, 0.9607515766787431, 0.9909672187679589, 1.0, 0.999962538603402, 0.9999375125017677]
featureprefs_correct = [0.52, 0.54, 0.76, 0.62, 0.74, 0.82, 0.84, 0.76, 0.7]
featureprefshuman_probs = [0.690022607759306, 0.9999960023189278, 0.8484461916159356, 0.9999999980377071, 1.0, 1.0, 1.0, 1.0, 1.0]
featureprefshuman_correct = [0.48, 0.8, 0.7, 0.86, 0.88, 0.82, 0.84, 0.9, 0.82]
