comparisons = ['train_1', 'train_3', 'train_5', 'train_10']
rlhf_probs = [0.7585792670249939, 0.9034966597557068, 0.30981012350320813, 0.9714219794273377]
rlhf_correct = [0.5, 0.7, 0.64, 0.82]
featureprefshuman_probs = [1.0, 1.0, 0.5803960120672005, 1.0]
featureprefshuman_correct = [0.48, 0.62, 0.56, 0.6]
