comparisons = ['train_1', 'train_3', 'train_5', 'train_10']
rlhf_probs = [0.852485826253891, 0.9326653580665588, 0.5480930294990539, 0.8033551244735718]
rlhf_correct = [0.48, 0.6, 0.66, 0.7]
featureprefshuman_probs = [1.0, 1.0, 0.9999999990463256, 1.0]
featureprefshuman_correct = [0.52, 0.58, 0.68, 0.8]
featureprefsgt_probs = [1.0, 1.0, 0.9999998264312744, 1.0]
featureprefsgt_correct = [0.52, 0.66, 0.66, 0.72]
