comparisons = ['train_1', 'train_3', 'train_5', 'train_10', 'train_15', 'train_20', 'train_30', 'train_50', 'train_100']
rlhf_probs = [0.6787488054591442, 0.7217217035468959, 0.7659718337940213, 0.6378538710804879, 0.7837702615086924, 0.7692912751885415, 0.8374211098078961, 0.8961614944316723, 0.9164213540622727]
rlhf_correct = [0.6, 0.66, 0.58, 0.62, 0.58, 0.62, 0.78, 0.9, 0.88]
featureprefs_probs = [0.6406284354841758, 0.7115301987220468, 0.7630088956961446, 0.9624646234904788, 0.9929790555694957, 0.9998893772133093, 0.9999999965659876, 0.9966924151275384, 0.9999957923535947]
featureprefs_correct = [0.58, 0.62, 0.68, 0.76, 0.86, 0.8, 0.84, 0.88, 0.8]
featureprefshuman_probs = [0.9999621331446455, 0.7466029815770742, 0.9999999926414018, 1.0, 1.0, 1.0, 1.0, 1.0, 1.0]
featureprefshuman_correct = [0.58, 0.78, 0.86, 0.82, 0.84, 0.82, 0.84, 0.9, 0.88]
rlhfhuman_probs = [0.9421277095260934, 0.8056131571679821, 0.9965259786005374, 0.9055684573733758, 0.9997953186309877, 0.9999685044641848, 0.9999998307522432, 0.9999979925744328, 0.9999896160369057]
rlhfhuman_correct = [0.54, 0.64, 0.84, 0.78, 0.9, 0.78, 0.82, 0.9, 0.88]
