comparisons = ['train_1', 'train_3', 'train_5', 'train_10', 'train_15', 'train_20', 'train_30', 'train_50', 'train_100']
rlhf_probs = [0.6405174090783783, 0.7335715537177928, 0.7057569068990679, 0.596327420228272, 0.6756303508386567, 0.7445936295751927, 0.9161704418099956, 0.8460361019328788, 0.9480656032209043]
rlhf_correct = [0.62, 0.74, 0.58, 0.62, 0.68, 0.76, 0.66, 0.84, 0.86]
featureprefs_probs = [0.6802438622831133, 0.6433567809755667, 0.38296479729821986, 0.9823906448642903, 0.9921852382122244, 0.8919892210835292, 0.9999999970565607, 0.9999991527800698, 0.9999999367160561]
featureprefs_correct = [0.56, 0.64, 0.54, 0.82, 0.78, 0.82, 0.86, 0.84, 0.9]
featureprefshuman_probs = [0.6877221809125241, 0.7250134287547673, 0.7712651998886874, 0.9256507563768837, 0.9051057715812092, 0.9713528836644235, 0.9351996696533152, 0.9627562887152684, 0.9999770117394718]
featureprefshuman_correct = [0.76, 0.72, 0.62, 0.78, 0.78, 0.8, 0.76, 0.78, 0.88]
