comparisons = ['train_1', 'train_3', 'train_5', 'train_10', 'train_15', 'train_20', 'train_30', 'train_50', 'train_100']
rlhf_probs = [0.3841821235056522, 0.6002743924381556, 0.7355709635181191, 0.7451963512372578, 0.7107784517048072, 0.5839892659430227, 0.8406171471988609, 0.920554582474163, 0.8672564971594163]
rlhf_correct = [0.5, 0.64, 0.7, 0.68, 0.54, 0.58, 0.7, 0.8, 0.84]
featureprefs_probs = [0.5267275284569511, 0.40837125204790503, 0.990159869684604, 0.9152772477080608, 0.9972118298703261, 0.984663512481093, 0.9999055055433831, 0.9997873853263541, 0.999766493775717]
featureprefs_correct = [0.5, 0.4, 0.82, 0.82, 0.88, 0.86, 0.86, 0.84, 0.86]
featureprefshuman_probs = [0.5853694357177235, 0.5977888287997464, 0.7833027388601576, 0.9294604179545195, 0.5633576592872412, 0.7036450924390718, 0.8598486460133568, 0.9999843713187386, 0.9999790245613444]
featureprefshuman_correct = [0.52, 0.64, 0.7, 0.8, 0.6, 0.72, 0.68, 0.76, 0.84]
