comparisons = ['train_1', 'train_20', 'train_3', 'train_30', 'train_50', 'train_5', 'train_100', 'train_10', 'train_15', 'train_20', 'train_30', 'train_50', 'train_100']
rlhf_probs = [0.7028221609415831, 0.9025283539552748, 0.49830440681718996, 0.9315445805773322, 0.656378255428846, 0.9138603975743423, 0.6314721597711184, 0.589757488005691, 0.7732291414839342, 0.9025283539552748, 0.9315445805773322, 0.9138603975743423]
rlhf_correct = [0.54, 0.66, 0.9, 0.56, 0.8, 0.62, 0.9, 0.62, 0.74, 0.66, 0.9, 0.8, 0.9]
featureprefs_probs = [0.8058212460804378, 0.9687073521408034, 0.9999998994324923, 0.6692460721514416, 0.9647095858314891, 0.9973605674971279, 0.9744560122489929, 0.9999742017361363, 0.9468334914480218, 0.9687073521408034, 0.9999998994324923, 0.9973605674971279, 0.9999742017361363]
featureprefs_correct = [0.66, 0.9, 0.92, 0.64, 0.78, 0.82, 0.8, 0.96, 0.94, 0.9, 0.92, 0.82, 0.96]
featureprefshuman_probs = [0.9999869169031151, 1.0, 0.34554824067044787, 1.0, 0.9992261553497471, 1.0, 1.0, 1.0, 0.9998087770163767, 1.0, 1.0, 0.9992261553497471, 1.0]
featureprefshuman_correct = [0.58, 0.94, 0.62, 0.82, 0.84, 0.9, 0.84, 0.84, 0.94, 0.94, 0.82, 0.84, 0.84]
