comparisons = ['train_1', 'train_3', 'train_5', 'train_10', 'train_15', 'train_20', 'train_30', 'train_50', 'train_100']
rlhf_probs = [0.4575984491180981, 0.7221238890915741, 0.6142738915581272, 0.772130390284238, 0.690283912690088, 0.8547791042690905, 0.826473024267504, 0.8903547066719935, 0.9300251411802974]
rlhf_correct = [0.4, 0.66, 0.62, 0.66, 0.6, 0.66, 0.7, 0.74, 0.74]
featureprefs_probs = [0.6300852241812833, 0.8112534594112708, 0.9692283334064876, 0.9044099619972362, 0.9541965719358421, 0.9974780465349739, 0.9962026879130077, 0.9995355628154896, 0.8332740132823403]
featureprefs_correct = [0.5, 0.72, 0.74, 0.78, 0.78, 0.74, 0.8, 0.78, 0.78]
