comparisons = ['train_1', 'train_3', 'train_5', 'train_10', 'train_15', 'train_20', 'train_30', 'train_50', 'train_100']
probs = [0.49735550091835695, 0.5867333741467676, 0.747612019134647, 0.6151752550722149, 0.6592857017001681, 0.7186673933394836, 0.8363434918868689, 0.9067322435202422, 0.9111070505385537]
correct = [0.6, 0.62, 0.58, 0.6, 0.54, 0.66, 0.62, 0.82, 0.72]
probs = [0.2506634947679048, 0.8283617290909644, 0.6738501363433897, 0.5924992348247595, 0.9303298671059157, 0.9916214356697145, 0.9999990762506493, 0.9932715588636359, 0.9999983477494354]
correct = [0.5, 0.72, 0.64, 0.72, 0.74, 0.78, 0.84, 0.78, 0.78]
