comparisons = ['train_1', 'train_3', 'train_5', 'train_10', 'train_15', 'train_20', 'train_30', 'train_50', 'train_100']
probs = [0.5171749580789495, 0.738332473937376, 0.46031028400232765, 0.6681143821297605, 0.6732929872019301, 0.7527887682610579, 0.9080875528968656, 0.9358044229907754, 0.9205427189422734]
correct = [0.48, 0.66, 0.62, 0.7, 0.66, 0.68, 0.7, 0.74, 0.74]
probs = [0.45124900123342077, 0.7827331349933941, 0.8954589503660123, 0.6461559625614604, 0.9988588401319559, 0.9953506503085541, 0.9708191366107376, 0.9927623350433852, 0.990899698724472]
correct = [0.54, 0.68, 0.78, 0.78, 0.8, 0.8, 0.82, 0.78, 0.76]
