comparisons = ['train_1', 'train_3', 'train_5', 'train_10', 'train_15', 'train_20', 'train_30', 'train_50', 'train_100']
rlhf_probs = [0.454684999892782, 0.6257690912360435, 0.7031481798114805, 0.5561257064788359, 0.6637618264032653, 0.6340487539513989, 0.8954313481201012, 0.8851236159337074, 0.8924614447788609]
rlhf_correct = [0.5733333333333334, 0.6066666666666668, 0.5866666666666668, 0.6000000000000001, 0.6266666666666666, 0.6533333333333333, 0.7066666666666667, 0.7399999999999999, 0.7666666666666666]
featureprefs_probs = [0.4634512042326837, 0.6747924149728592, 0.7635179749938796, 0.8033965292387668, 0.8985440008398479, 0.9903818758304227, 0.9960236425507706, 0.9982172666099663, 0.9983855450758391]
featureprefs_correct = [0.54, 0.6066666666666668, 0.6466666666666666, 0.6666666666666666, 0.7133333333333334, 0.7866666666666667, 0.7933333333333333, 0.7533333333333333, 0.7399999999999999]
featureprefshuman_probs = [0.6540203189485911, 0.9999984219895142, 0.9466082443206284, 0.9999999993459023, 0.9594183062247928, 1.0, 1.0, 1.0, 1.0]
featureprefshuman_correct = [0.58, 0.7600000000000001, 0.7133333333333333, 0.8533333333333334, 0.8066666666666666, 0.8066666666666666, 0.84, 0.8933333333333334, 0.8533333333333334]
