comparisons = ['train_1', 'train_3', 'train_5', 'train_10', 'train_15', 'train_20', 'train_30', 'train_50', 'train_100']
rlhf_probs = [0.5101893509243741, 0.5557561905234439, 0.5898892438225704, 0.6605688025944947, 0.6395647802910115, 0.8145988851642576, 0.9147175102838313, 0.8938608141654313, 0.9167590019470707]
rlhf_correct = [0.5666666666666667, 0.62, 0.62, 0.62, 0.68, 0.6533333333333333, 0.7799999999999999, 0.6999999999999998, 0.84]
featureprefs_probs = [0.5887370179335437, 0.7485392360691879, 0.9372988631501692, 0.8832967579313675, 0.9710025317425263, 0.9865264550812123, 0.9999994342055668, 0.9270745247726383, 0.977566592487288]
featureprefs_correct = [0.64, 0.52, 0.7733333333333334, 0.7799999999999999, 0.7600000000000001, 0.82, 0.8333333333333334, 0.7600000000000001, 0.8266666666666667]
featureprefshuman_probs = [0.6837100357804781, 0.8240262656735124, 0.9955315048332404, 0.9939244893994004, 1.0, 1.0, 1.0, 1.0, 1.0]
featureprefshuman_correct = [0.6333333333333333, 0.7600000000000001, 0.7933333333333333, 0.8133333333333334, 0.8266666666666667, 0.8533333333333334, 0.8533333333333334, 0.82, 0.86]
