comparisons = ['train_1', 'train_3', 'train_5', 'train_10', 'train_15', 'train_20', 'train_30', 'train_50', 'train_100']
rlhf_probs = [0.4879836075835758, 0.43496724162940625, 0.9557006447403519, 0.8995196962798083, 0.940166140044177, 0.7641708443838137, 0.9975062321733545, 0.9963729756849783, 0.996000866095225]
rlhf_correct = [0.52, 0.54, 0.74, 0.7, 0.68, 0.62, 0.76, 0.84, 0.94]
featureprefs_probs = [0.4441277291625738, 0.6547376946891071, 0.9998636311954923, 0.998534705903795, 0.9999999514332524, 1.0, 1.0, 1.0, 1.0]
featureprefs_correct = [0.46, 0.62, 0.8, 0.72, 0.74, 0.86, 0.88, 0.9, 0.94]
featureprefshuman_probs = [0.5755809722123323, 0.32562327009916064, 1.0, 1.0, 1.0, 1.0, 1.0, 1.0, 1.0]
featureprefshuman_correct = [0.54, 0.6, 0.86, 0.8, 0.82, 0.84, 0.82, 0.78, 0.84]
rlhfhuman_probs = [0.43967330676537975, 0.3986665518820734, 0.9996951266571328, 0.999875768467232, 0.9999999955848411, 1.0, 1.0, 1.0, 1.0]
rlhfhuman_correct = [0.48, 0.58, 0.7, 0.86, 0.88, 0.94, 0.94, 0.88, 0.94]
