comparisons = ['train_1', 'train_3', 'train_5', 'train_10']
rlhf_probs = [0.5523102425038815, 0.9897021889686585, 0.8149450838565826, 0.9911846578121185]
rlhf_correct = [0.36, 0.74, 0.7, 0.76]
featureprefshuman_probs = [0.9894251316785813, 1.0, 1.0, 1.0]
featureprefshuman_correct = [0.34, 0.48, 0.4, 0.54]
featureprefsgt_probs = [0.9998140901327133, 1.0, 1.0, 1.0]
featureprefsgt_correct = [0.8, 0.64, 0.6, 0.82]
