comparisons = ['train_1', 'train_3', 'train_5', 'train_10']
rlhf_probs = [0.6739423161776116, 0.9699574780464172, 0.9129444290697575, 0.9010980935891469]
rlhf_probs_err = [0.28846740128386733, 0.017442900448609782, 0.07012526108570256, 0.028934615702246307]
featureprefs_probs = [0.7295229436769538, 0.9999998116493224, 0.9999658600489298, 0.9999598157405853]
featureprefs_probs_err = [0.2687552831167011, 1.5261272386701199e-07, 3.413995107015566e-05, 3.8726173137435454e-05]
featureprefshuman_probs = [0.8034351452905685, 1.0, 1.0, 1.0]
featureprefshuman_probs_err = [0.19656485470943152, 0.0, 0.0, 0.0]
