comparisons = ['train_1', 'train_3', 'train_5', 'train_10', 'train_15', 'train_20', 'train_30', 'train_50', 'train_100']
rlhf_probs = [0.5472985874600862, 0.6480435599331502, 0.5645892061753037, 0.6762952720324812, 0.7800238400452422, 0.8528846493412438, 0.8613578648471232, 0.8498009863949607, 0.9629137709798146]
rlhf_correct = [0.54, 0.58, 0.68, 0.7, 0.68, 0.66, 0.62, 0.88, 0.84]
featureprefs_probs = [0.41793984246972965, 0.5256705518944645, 0.6482556358891455, 0.9655810224175944, 0.9203507979956184, 0.9880045853524542, 0.9745620048217812, 0.9999754811510627, 0.9998514215642043]
featureprefs_correct = [0.54, 0.58, 0.66, 0.8, 0.8, 0.84, 0.86, 0.86, 0.84]
featureprefshuman_probs = [0.9113433000022246, 0.9397096726827806, 0.8394732953630829, 0.9999991115719202, 1.0, 1.0, 1.0, 1.0, 1.0]
featureprefshuman_correct = [0.58, 0.52, 0.62, 0.94, 0.84, 0.86, 0.88, 0.92, 0.86]
rlhfhuman_probs = [0.5235900733899858, 0.8048592747568533, 0.9232354457777592, 0.9851889542836711, 0.9999257304050304, 0.9999873002860772, 0.9999999131685422, 0.9999986626974349, 0.9999776666547046]
rlhfhuman_correct = [0.52, 0.56, 0.7, 0.86, 0.74, 0.84, 0.84, 0.9, 0.84]
