comparisons = ['train_1', 'train_5', 'train_3', 'train_10', 'train_15', 'train_5', 'train_10', 'train_20', 'train_30', 'train_15', 'train_20', 'train_50', 'train_30', 'train_100', 'train_50', 'train_100']
rlhf_probs = [0.515930712223053, 0.9821626543998718, 0.7510458827018738, 0.9862641096115112, 0.684428870677948, 0.998625636100769, 0.9821626543998718, 0.9999915361404419, 0.9862641096115112, 0.998625636100769, 0.99994957447052, 0.9999829530715942, 0.9999915361404419, 0.99994957447052, 0.9999829530715942]
rlhf_correct = [0.64, 0.76, 0.7, 0.88, 0.58, 0.84, 0.76, 0.9, 0.88, 0.84, 0.94, 0.94, 0.9, 0.94, 0.94]
featureprefs_probs = [0.1498909741640091, 0.9999804496765137, 0.9999992847442627, 1.0, 0.9290490746498108, 1.0, 0.9999992847442627, 1.0, 1.0, 1.0, 1.0, 1.0, 1.0, 1.0, 1.0]
featureprefs_correct = [0.62, 0.8, 0.7, 0.98, 0.52, 0.86, 0.7, 0.88, 0.98, 0.96, 0.86, 0.88, 0.94, 0.96, 0.94]
featureprefshuman_probs = [0.1693914830684662, 0.9795358777046204, 0.9999039173126221, 1.0, 1.0, 0.9795358777046204, 1.0, 1.0, 1.0, 1.0, 1.0, 1.0, 1.0, 1.0, 1.0, 1.0]
featureprefshuman_correct = [0.64, 0.58, 0.64, 0.74, 0.96, 0.58, 0.74, 0.84, 0.88, 0.96, 0.84, 0.94, 0.88, 0.92, 0.94, 0.92]
