comparisons = ['train_1', 'train_3', 'train_5', 'train_10', 'train_15', 'train_20', 'train_30', 'train_50', 'train_100']
rlhf_probs = [0.7058659791946411, 0.7595116496086121, 0.7944387793540955, 0.9861764311790466, 0.6545248031616211, 0.9968737363815308, 0.9999856948852539, 0.9999748468399048, 0.9999833106994629]
rlhf_correct = [0.74, 0.7, 0.68, 0.76, 0.62, 0.8, 0.6, 0.98, 0.96]
featureprefs_probs = [0.9299708604812622, 0.9991349577903748, 0.9999169111251831, 1.0, 0.9999986886978149, 1.0, 1.0, 1.0, 1.0]
featureprefs_correct = [0.76, 0.74, 0.78, 0.78, 0.74, 0.82, 0.8, 0.92, 0.84]
featureprefshuman_probs = [0.9595882296562195, 0.988226592540741, 0.9999375343322754, 1.0, 0.999180257320404, 1.0, 1.0, 1.0, 1.0]
featureprefshuman_correct = [0.76, 0.7, 0.82, 0.82, 0.76, 0.82, 0.82, 0.9, 0.84]
