comparisons = ['train_1', 'train_3', 'train_5', 'train_10', 'train_15', 'train_20', 'train_30', 'train_50', 'train_100']
rlhf_probs = [0.4498986005783081, 0.7346620559692383, 0.650846004486084, 0.9862250089645386, 0.993016242980957, 0.9974251985549927, 0.9999855756759644, 0.9999802112579346, 0.9999575614929199]
rlhf_correct = [0.62, 0.72, 0.58, 0.72, 0.86, 0.8, 0.9, 0.96, 0.94]
featureprefs_probs = [0.569133460521698, 0.8745002746582031, 0.404845267534256, 0.620715856552124, 0.4189751446247101, 0.01308125164359808, 0.09396392852067947, 0.0372382290661335, 0.7612472176551819]
featureprefs_correct = [0.66, 0.72, 0.54, 0.42, 0.44, 0.32, 0.42, 0.46, 0.54]
featureprefshuman_probs = [0.372152715921402, 0.8487661480903625, 0.04173720255494118, 0.06430986523628235, 0.701761782169342, 0.084026999771595, 0.00419669458642602, 0.9656341671943665, 0.12675710022449493]
featureprefshuman_correct = [0.3, 0.64, 0.22, 0.36, 0.62, 0.5, 0.06, 0.76, 0.5]
