comparisons = ['train_1', 'train_3', 'train_5', 'train_10', 'train_15', 'train_20', 'train_30', 'train_50', 'train_100']
rlhf_probs = [0.3788616359233856, 0.8884001970291138, 0.996616542339325, 0.9964303374290466, 0.9988152980804443, 0.997530996799469, 0.9999892711639404, 0.9999774694442749, 0.9999898672103882]
rlhf_correct = [0.44, 0.7, 0.78, 0.88, 0.78, 0.78, 0.7, 0.84, 0.9]
featureprefs_probs = [0.5794292092323303, 0.9876123070716858, 0.9999949932098389, 1.0, 1.0, 1.0, 1.0, 1.0, 1.0]
featureprefs_correct = [0.56, 0.64, 0.72, 0.76, 0.86, 0.9, 0.74, 0.82, 0.9]
featureprefshuman_probs = [0.22429171204566956, 0.9742961525917053, 0.9999967813491821, 0.9999974966049194, 1.0, 1.0, 1.0, 1.0, 1.0]
featureprefshuman_correct = [0.42, 0.7, 0.72, 0.8, 0.9, 0.88, 0.76, 0.82, 0.88]
