comparisons = ['train_1', 'train_3', 'train_5', 'train_10', 'train_15', 'train_20', 'train_30', 'train_50', 'train_100']
rlhf_probs = [0.6321351331631833, 0.7050538302663668, 0.4775308683541423, 0.663456740049423, 0.6913614335523558, 0.7910616108496126, 0.9154840712684663, 0.8965177104306319]
rlhf_correct = [0.58, 0.6, 0.68, 0.62, 0.62, 0.64, 0.84, 0.78]
featureprefs_probs = [0.40123193862142786, 0.7615431176053951, 0.5640557101494613, 0.8491969923239676, 0.8490957180536333, 0.9999939227790989, 0.9989042338520411, 0.9999950623806612, 0.9979012100784866]
featureprefs_correct = [0.54, 0.66, 0.54, 0.7, 0.66, 0.8, 0.72, 0.78, 0.76]
featureprefshuman_probs = [0.6257332129856196, 0.9999994108215772, 0.999999827808804, 1.0, 0.8782549144492365, 1.0, 1.0, 1.0, 1.0]
featureprefshuman_correct = [0.7, 0.7, 0.74, 0.9, 0.72, 0.84, 0.82, 0.92, 0.9]
