comparisons = ['train_1', 'train_3', 'train_5', 'train_10', 'train_15', 'train_20', 'train_30', 'train_50', 'train_100']
rlhf_probs = [0.4482376884531092, 0.6321351281041471, 0.7050538304043404, 0.47753086488563645, 0.6634567477146294, 0.691361426258912, 0.7910616096116817, 0.915484078872351, 0.8965177119023515]
rlhf_correct = [0.7, 0.58, 0.6, 0.68, 0.62, 0.62, 0.64, 0.84, 0.78]
featureprefs_probs = [0.40123193705772575, 0.7615431190387886, 0.5640556966318699, 0.8491969890355942, 0.8490957212883504, 0.9999939227790989, 0.9989042336067545, 0.9999950623806612, 0.9979012095879135]
featureprefs_correct = [0.54, 0.66, 0.54, 0.7, 0.66, 0.8, 0.72, 0.78, 0.76]
featureprefshuman_probs = [0.6257332139667661, 0.9999994108215772, 0.999999827808804, 1.0, 0.8782549186743784, 1.0, 1.0, 1.0, 1.0]
featureprefshuman_correct = [0.7, 0.7, 0.74, 0.9, 0.72, 0.84, 0.82, 0.92, 0.9]
