comparisons = ['train_1', 'train_3', 'train_5', 'train_10', 'train_15', 'train_20', 'train_30', 'train_50', 'train_100']
rlhf_probs = [0.4447161385735857, 0.49047845667956297, 0.7062014037658894, 0.6996683675811124, 0.5909985716573496, 0.8131903057051785, 0.8887252704596814, 0.8998910544340503, 0.9073743172633795]
rlhf_correct = [0.46, 0.58, 0.62, 0.6, 0.62, 0.72, 0.68, 0.7, 0.84]
featureprefs_probs = [0.27540809607445627, 0.6712498606178802, 0.9088585445879663, 0.8055282315936844, 0.9788976218474745, 0.9644786455503707, 0.9999999813582181, 0.9999844581501964, 0.9977999474286052]
featureprefs_correct = [0.5, 0.42, 0.72, 0.74, 0.76, 0.8, 0.86, 0.74, 0.8]
featureprefshuman_probs = [0.2822708001249152, 0.484272487009502, 0.9999999990188536, 0.981773468198201, 1.0, 1.0, 1.0, 1.0, 1.0]
featureprefshuman_correct = [0.46, 0.7, 0.8, 0.78, 0.8, 0.84, 0.86, 0.86, 0.86]
