comparisons = ['train_1', 'train_3', 'train_5', 'train_10', 'train_15', 'train_20', 'train_30', 'train_50', 'train_100']
rlhf_probs = [0.613761689375948, 0.634681902549885, 0.911917715160935, 0.9067583393167566, 0.8475518038979283, 0.9859306746058993, 0.9992112230371546, 0.99824015961753, 0.9979617308687281]
rlhf_correct = [0.38, 0.58, 0.74, 0.76, 0.62, 0.8, 0.84, 0.94, 0.94]
featureprefs_probs = [0.7018906636232579, 0.6834495637341644, 0.9821867744127909, 0.9999993553868046, 0.9999998542997572, 1.0, 1.0, 1.0, 1.0]
featureprefs_correct = [0.44, 0.72, 0.68, 0.88, 0.88, 0.88, 0.9, 0.96, 0.94]
featureprefshuman_probs = [0.9997433004555879, 0.5851068998928424, 1.0, 1.0, 1.0, 1.0, 1.0, 1.0, 1.0]
featureprefshuman_correct = [0.56, 0.6, 0.82, 0.9, 0.88, 0.84, 0.84, 0.82, 0.86]
