comparisons = ['train_1', 'train_3', 'train_5', 'train_10', 'train_15', 'train_20', 'train_30', 'train_50', 'train_100']
rlhf_probs = [0.5169855466595402, 0.8099992319389626, 0.8496456874741448, 0.798148105541865, 0.7934451213589421, 0.9800253532550953, 0.9987470375166999, 0.9981467436861109, 0.998870955573188]
rlhf_correct = [0.64, 0.6, 0.68, 0.68, 0.66, 0.76, 0.74, 0.92, 0.88]
featureprefs_probs = [0.524152716414796, 0.9885534776581658, 0.9281946398593761, 1.0, 0.9999823680630436, 1.0, 1.0, 1.0, 1.0]
featureprefs_correct = [0.64, 0.6, 0.78, 0.86, 0.84, 0.88, 0.84, 0.9, 0.92]
featureprefshuman_probs = [0.6817565207128171, 1.0, 1.0, 1.0, 1.0, 1.0, 1.0, 1.0, 1.0]
featureprefshuman_correct = [0.64, 0.78, 0.76, 0.78, 0.78, 0.88, 0.88, 0.92, 0.9]
