comparisons = ['train_1', 'train_3', 'train_5', 'train_10', 'train_15', 'train_20', 'train_30', 'train_50', 'train_100']
rlhf_probs = [0.7481836190930119, 0.5768154991997613, 0.8921319599504824, 0.7446193308741959, 0.8998847272660997, 0.9806814237877175, 0.9996821615431044, 0.9982000368612783, 0.997173304911013]
rlhf_correct = [0.44, 0.58, 0.82, 0.62, 0.6, 0.82, 0.84, 0.94, 0.94]
featureprefs_probs = [0.6375971624144802, 0.6181742659321537, 0.4241241525720667, 0.17692271206114027, 0.5276549105291013, 0.8370141364909984, 0.19945870174301994, 0.06445024190125642, 0.4249967171086205]
featureprefs_correct = [0.52, 0.44, 0.38, 0.38, 0.42, 0.88, 0.4, 0.08, 0.48]
featureprefshuman_probs = [0.5699441587483441, 0.08597368291682667, 0.0006241034694809328, 0.607114659415351, 0.8818079608458059, 0.8414691730781838, 0.7268694661281727, 0.7381186087926229, 0.0013532773591578007]
featureprefshuman_correct = [0.6, 0.44, 0.16, 0.48, 0.7, 0.6, 0.5, 0.5, 0.24]
