comparisons = ['train_1', 'train_3', 'train_5', 'train_10']
rlhf_probs = [0.3064855381846428, 0.7869358479976654, 0.611564376950264, 0.580182033777237]
rlhf_correct = [0.58, 0.64, 0.7, 0.66]
featureprefshuman_probs = [0.03386022616177797, 1.0, 0.01731890682131052, 0.9999920487403869]
featureprefshuman_correct = [0.54, 0.56, 0.76, 0.5]
