comparisons = ['train_1', 'train_3', 'train_5', 'train_10']
rlhf_probs = [0.9024138629436493, 0.3006592631340027, 0.4523699000477791, 0.26857961267232894]
rlhf_correct = [0.6, 0.62, 0.46, 0.52]
featureprefshuman_probs = [1.0, 0.6497643411159515, 0.9999784231185913, 1.0]
featureprefshuman_correct = [0.5, 0.44, 0.52, 0.48]
featureprefsgt_probs = [1.0, 1.0, 0.9727300643920899, 0.9998588800430298]
featureprefsgt_correct = [0.64, 0.46, 0.66, 0.56]
