comparisons = ['train_1', 'train_3', 'train_5', 'train_10', 'train_15', 'train_20', 'train_30', 'train_50', 'train_100']
rlhf_probs = [0.7521995902061462, 0.9000644683837891, 0.13704459369182587, 0.9988941550254822, 0.997990608215332, 0.9998660087585449, 0.9999896287918091, 0.9998841285705566, 0.999947190284729]
rlhf_correct = [0.48, 0.56, 0.46, 0.78, 0.72, 0.88, 0.84, 0.88, 0.96]
featureprefs_probs = [0.9103540778160095, 0.9995054006576538, 0.5772355794906616, 1.0, 1.0, 1.0, 1.0, 1.0, 1.0]
featureprefs_correct = [0.56, 0.64, 0.52, 0.82, 0.74, 0.88, 0.94, 0.9, 0.92]
featureprefshuman_probs = [0.9523764252662659, 0.9942407608032227, 0.9344953894615173, 1.0, 0.9999994039535522, 1.0, 1.0, 1.0, 1.0]
featureprefshuman_correct = [0.5, 0.6, 0.58, 0.84, 0.72, 0.82, 0.92, 0.9, 0.86]
rlhfhuman_probs = [0.7521597743034363, 0.9093011021614075, 0.2410641461610794, 0.9990193843841553, 0.9979797005653381, 0.9997997879981995, 0.9999918937683105, 0.9999322891235352, 0.9999755620956421]
rlhfhuman_correct = [0.52, 0.56, 0.54, 0.76, 0.74, 0.86, 0.84, 0.88, 0.96]
