comparisons = ['train_1', 'train_3', 'train_5', 'train_10']
rlhf_probs = [0.5965802423655987, 0.8102321465810141, 0.6074386556943258, 0.5994273086388905]
rlhf_probs_err = [0.2008157874228017, 0.08402287212898178, 0.13712220497760394, 0.05286213501863928]
featureprefs_probs = [0.8052745627860228, 0.9940214296181997, 0.9989352186520893, 0.9829578797022501]
featureprefs_probs_err = [0.19348028089723, 0.0044362396946746735, 0.0009967962525613103, 0.016713542472541115]
featureprefshuman_probs = [0.9999720613161722, 1.0, 0.9999999443689983, 1.0]
featureprefshuman_probs_err = [2.7819559675352303e-05, 0.0, 3.464141641717762e-08, 0.0]
